271 345 350 361 416 528 669 761 769 834 836 860 922 
33 41 53 154 235 260 669 705 933 978 997 
105 180 216 633 
65 230 595 693 716 720 768 846 
231 342 400 415 481 502 522 681 855 857 939 
42 70 94 197 207 244 346 353 603 618 832 974 980 
155 169 225 236 268 316 341 648 704 787 809 832 885 931 976 
20 31 60 161 213 251 576 956 
11 43 84 96 418 466 555 584 745 
21 36 255 269 379 409 418 454 467 510 556 576 661 696 779 827 
78 84 225 414 484 806 
150 229 514 763 788 864 938 
58 80 273 519 528 742 
222 289 476 499 534 
42 153 157 176 198 419 431 873 
22 158 253 344 441 613 674 740 869 
193 376 478 495 540 559 568 581 659 874 901 916 
43 120 244 328 370 577 665 914 
108 188 262 451 777 817 876 905 961 962 996 
89 91 260 707 724 848 898 
7 15 63 125 252 272 332 398 411 462 515 574 650 684 769 821 849 890 
146 218 297 386 435 555 830 854 865 945 
148 224 334 506 544 724 834 
61 64 69 351 352 371 448 699 850 904 
40 55 67 69 127 131 195 233 242 494 546 596 651 654 759 815 
203 710 854 878 889 988 
77 142 199 652 670 700 743 782 792 838 986 
16 71 130 258 318 423 878 936 937 947 954 
65 295 303 378 441 465 560 564 863 
107 130 165 529 571 619 653 676 798 812 826 877 920 
160 567 632 911 925 968 969 
113 460 489 886 900 
19 72 85 149 240 377 404 474 524 705 752 842 983 
6 23 92 99 202 349 485 579 638 660 
433 454 503 694 708 828 844 
73 100 115 124 250 393 450 599 605 678 720 871 917 
85 152 287 417 639 689 963 973 998 
147 624 663 664 945 978 
42 73 133 159 369 458 517 530 542 592 600 626 813 893 945 
155 156 305 445 795 910 960 
238 330 359 386 641 942 
52 209 420 801 866 878 
265 340 359 719 798 979 
194 374 388 393 444 512 612 662 680 770 880 885 891 923 975 981 
320 395 523 597 725 773 858 916 
29 133 184 270 306 336 557 805 935 
116 237 274 325 381 513 603 605 764 781 811 954 
327 475 544 561 780 791 
47 214 259 396 455 609 967 
1 17 117 172 204 237 280 394 438 471 587 671 741 841 890 
9 11 210 311 407 421 498 513 853 959 
87 164 268 306 380 397 518 781 816 928 
4 7 13 30 164 187 366 546 1000 
123 174 294 371 599 802 
91 93 135 712 776 798 805 833 929 980 
308 312 315 348 353 508 527 547 723 
3 112 349 407 504 654 803 807 902 
220 241 251 387 395 454 510 521 654 701 737 
44 121 266 421 467 497 536 732 818 868 897 953 987 
145 234 242 293 392 630 694 724 746 977 
147 299 384 654 659 822 847 
35 317 395 492 535 537 644 731 817 848 950 
18 95 275 406 516 679 688 879 
163 400 453 568 888 914 979 
247 256 302 481 627 769 854 
39 307 501 728 832 
298 304 321 673 756 824 838 
10 69 155 207 326 337 474 859 
57 126 172 319 398 468 474 482 722 778 817 841 
18 129 288 297 432 500 602 607 676 
56 134 263 412 526 753 792 914 
251 279 385 814 906 
167 260 354 391 472 531 804 959 
301 343 490 519 604 647 757 799 896 
88 99 281 488 505 675 875 889 
111 245 425 480 572 640 670 946 
278 433 461 487 543 593 648 763 808 823 873 
10 50 63 75 141 145 410 430 621 622 636 646 715 717 739 812 962 
90 216 279 309 419 462 552 642 944 950 989 991 
104 161 185 190 292 442 609 905 946 
34 49 357 365 590 615 691 703 796 820 834 861 934 
93 145 186 550 563 628 793 840 843 860 
57 162 423 456 507 640 729 984 
198 254 430 764 870 
448 668 772 
126 178 221 300 313 454 511 538 549 642 677 727 733 755 884 991 
97 228 428 455 573 617 
45 50 66 69 477 695 718 949 999 
2 189 754 766 770 883 
109 126 399 443 469 502 508 545 601 978 
25 47 130 219 243 248 461 591 
27 132 257 258 333 403 580 630 692 924 
174 183 208 251 291 321 349 373 493 558 819 
68 116 408 629 686 721 786 831 
5 136 356 363 721 765 813 927 950 
219 233 574 
282 382 588 623 798 845 921 991 
264 314 496 508 923 990 995 
70 122 308 323 335 402 436 586 608 643 717 825 832 912 926 961 964 
12 149 173 182 283 554 727 736 784 797 909 940 
133 347 491 797 929 
600 848 868 930 970 
156 838 
138 285 388 591 738 
62 307 338 437 563 630 965 
789 
170 285 452 525 610 744 
83 137 262 777 874 982 
213 529 643 743 760 
440 478 565 732 
119 187 392 541 683 727 829 850 869 956 976 
47 267 349 422 666 799 807 907 
39 44 160 210 364 574 
184 459 792 
463 606 694 751 873 948 
521 638 723 869 965 970 998 
101 227 505 715 884 887 894 928 
24 128 324 466 610 631 844 933 
523 767 928 
79 141 194 311 355 454 456 533 625 750 808 909 916 
62 389 501 502 548 806 
246 375 440 596 645 770 
168 472 619 635 695 698 730 775 889 
74 81 340 424 466 597 616 
144 460 918 934 
108 176 177 438 559 869 957 
262 455 573 732 794 839 913 915 
1 98 331 570 575 618 649 853 
206 410 637 638 682 717 
414 446 657 862 895 
414 874 902 
156 339 465 624 790 
54 60 174 289 377 532 789 
25 90 380 568 670 789 882 908 972 
106 335 370 642 726 
14 396 438 491 805 846 919 
48 50 76 159 329 370 476 565 763 767 881 882 950 
37 263 276 284 330 413 565 656 713 910 
24 231 358 520 751 780 916 969 
104 125 234 350 417 462 742 835 972 
35 154 598 613 625 734 774 
216 631 735 
38 179 452 465 717 771 899 
88 140 205 473 532 610 707 750 758 
611 
189 710 749 907 
200 222 239 362 711 
32 46 231 702 878 945 
1 126 223 377 550 714 
554 687 860 
320 460 697 699 825 903 933 959 
31 671 732 
59 82 322 407 613 790 
151 192 201 251 326 393 634 743 800 
88 103 115 360 371 377 574 706 803 843 
237 290 353 419 658 696 788 941 950 967 982 994 
100 139 478 611 675 712 714 783 951 993 
468 952 
78 217 583 
136 955 
10 23 32 33 281 540 651 752 827 985 
18 142 192 476 591 636 677 894 958 
215 406 447 464 552 629 684 966 
53 157 164 367 721 
48 143 233 562 603 605 
434 436 514 585 675 762 
83 114 175 191 211 301 302 340 390 396 486 539 635 640 672 
8 57 81 235 371 769 965 
26 96 106 306 322 454 959 998 
50 63 426 502 587 840 
211 406 509 523 620 857 982 
102 212 286 368 459 539 726 851 852 
42 138 171 369 414 863 
181 196 248 383 466 517 625 811 911 
109 166 206 405 457 589 728 748 808 856 959 971 
551 645 696 843 868 930 935 
258 291 329 479 550 631 635 706 725 736 
25 110 152 414 746 807 
87 311 393 401 457 557 
137 232 411 
16 261 573 594 619 867 998 
226 328 594 747 
198 310 449 561 569 578 614 785 932 992 
133 260 268 305 429 483 585 614 
98 142 210 262 264 296 344 430 553 562 
222 892 929 
151 324 514 591 685 695 777 798 923 
88 136 210 277 
81 191 425 536 558 582 
121 427 562 690 
28 127 250 548 709 972 
8 249 424 655 837 
372 395 460 494 570 591 871 
70 172 625 810 943 
118 239 389 417 439 881 
120 355 470 583 726 817 827 
31 86 462 566 785 
90 147 214 501 559 567 667 813 
41 51 370 408 565 872 966 
382 402 461 557 592 
