1 6 171 191 285 393 539 593 603 730 766 1151 1639 
2 480 489 663 821 822 1092 1458 1459 1731 2293 2325 2407 
2 480 490 2727 
2 205 728 2075 2076 2243 
3 257 264 266 287 350 351 403 
4 308 387 1016 1103 1303 1304 
5 972 1098 2195 
7 63 154 828 861 1051 1675 1812 2240 2409 2605 2682 
8 27 259 595 985 2150 2215 2265 
9 111 166 179 192 241 242 243 366 506 655 1057 
10 2345 2346 2347 2348 2350 2603 2641 2648 2702 2731 
10 210 226 1287 2032 2603 2641 2648 2731 2732 
11 130 136 198 512 658 907 951 1358 1368 2251 
12 141 295 296 452 694 725 736 832 899 1232 2157 2715 
13 14 19 277 280 383 1538 1621 1647 1763 
15 269 425 2107 2267 2425 2427 
15 18 187 694 840 841 930 939 986 991 1165 
16 172 610 954 955 1551 1580 1581 1819 2721 
17 2611 2612 2613 2614 
17 67 143 487 674 769 770 1330 2303 2516 
20 21 1830 1831 
22 31 123 1065 1275 1813 1826 1890 2249 
23 24 1564 1568 1569 2489 2644 2655 2656 2698 2699 2700 
24 1180 1182 1184 1186 2277 
25 41 42 84 86 150 152 153 155 225 499 848 909 2537 
26 316 368 536 621 622 946 1160 1172 1179 1327 1782 1790 1803 2496 
28 29 1066 1755 
30 1190 1882 1883 1944 1946 2000 2004 2006 2322 
30 799 2365 2366 2367 2459 2720 
32 646 692 1064 1942 2285 
32 646 692 1064 1942 2285 
33 303 346 388 389 532 831 1277 
34 36 89 125 131 270 271 1188 1236 1678 2295 2361 
35 85 509 560 625 752 875 1074 1547 
37 588 612 758 
38 39 311 314 315 1273 
40 214 279 329 464 467 953 966 1153 1796 2342 2541 2579 2664 
43 150 152 153 155 
44 69 104 113 581 635 637 675 811 812 2025 
45 521 1154 2226 2238 2447 2458 2532 
45 186 289 318 496 852 1818 1820 1824 1828 2434 
46 47 48 49 50 52 76 156 159 167 248 317 580 813 
49 50 529 863 931 969 1150 1161 1213 1309 2111 2561 2587 
51 816 1299 2591 
53 82 162 1377 1845 1988 2030 
54 59 61 62 89 91 92 93 94 112 
55 636 943 964 1141 1263 1265 1548 1872 2342 
56 778 791 793 796 836 1143 1547 1571 1765 1881 2228 
57 65 161 380 419 
58 423 1429 1565 1571 1608 1949 2436 2511 2640 2833 
60 527 528 1446 
60 755 1376 2121 
64 1044 1316 1445 1773 2445 2503 2572 2662 
66 121 168 169 206 878 1332 2527 
68 486 771 866 891 970 977 978 979 1717 1929 2476 2712 
70 878 1539 1552 2411 
71 384 652 1056 1553 2086 2413 2469 
71 406 518 519 687 841 1038 1403 2073 2701 
72 109 244 251 563 565 566 567 568 569 571 
73 948 958 980 1126 1862 1863 1868 1869 1870 1899 1990 2304 2783 
74 79 664 793 796 817 1023 1242 1243 1285 1288 1484 1535 1923 
75 1661 1777 2227 2774 
77 610 876 1145 
78 120 193 199 542 910 1115 1130 1176 1839 2147 
80 317 426 716 863 1097 1203 1308 1523 1810 2559 2561 2562 2589 
81 1665 1683 1687 
83 213 1238 1287 2034 2467 2514 2663 
85 410 413 414 417 418 423 665 760 849 1023 1535 
87 90 1123 1163 1540 1779 1781 2512 
88 466 469 530 855 952 953 997 1087 1441 1791 1884 2694 
95 119 353 356 361 391 404 408 409 534 1137 1337 1339 1347 1562 
96 97 99 334 1391 2406 
98 237 1806 1807 1849 1851 2193 2506 
98 868 2106 2120 2213 
100 101 102 108 913 914 1387 2156 
103 548 550 551 1383 2465 
105 185 1374 1489 1563 1703 2212 2268 2318 2661 2776 
106 141 950 1211 1688 2054 2058 2060 2157 2488 2520 2523 
107 174 267 288 362 720 833 1128 1214 1539 2411 
110 164 239 924 
114 525 1502 1510 
115 363 1276 1286 2258 
116 541 1655 1656 
117 197 246 293 773 837 842 1225 1600 1619 1671 1789 1833 2417 
118 508 1714 1800 2283 2421 2522 
122 608 731 2623 2624 2680 
124 189 352 400 880 1034 1482 
126 127 433 493 
128 182 497 710 
129 140 142 144 1191 1587 1588 1589 1760 1761 1938 2517 2620 
130 429 430 611 642 676 734 1231 1317 1392 1412 
132 405 442 443 453 826 1679 1974 2379 
133 135 137 249 250 364 436 447 498 524 547 867 1749 
134 1084 1085 2384 2688 2690 
136 198 200 1691 1692 1732 1748 1749 1784 1874 2728 
138 483 802 2401 2570 
139 444 451 455 515 516 1344 1417 2071 
145 146 1078 1079 2816 
147 158 227 771 
148 228 275 305 504 886 1099 1677 2072 2221 2404 2509 2550 2551 2573 
149 236 394 975 1237 1454 1685 1792 2328 2826 
149 540 717 1052 1454 1827 1937 1970 2530 2838 
151 288 312 313 1416 1539 1552 
156 1042 1114 1525 2483 2560 2578 2584 2639 2645 2670 
157 428 761 2586 2745 
160 264 398 422 492 535 651 757 935 1593 1832 2033 2368 2577 2829 
163 967 998 999 1000 1001 1002 1003 1072 1916 2090 2754 2839 
165 175 202 304 349 385 656 1059 1259 1338 1597 1736 2250 
170 2324 2330 2351 2369 2531 
173 176 177 178 
173 176 178 212 1409 1542 1555 
177 411 416 1503 1660 2118 
180 208 357 359 435 450 501 502 617 649 704 1318 2147 2148 2685 
181 183 659 2199 2204 
184 689 719 765 929 974 1253 1254 1582 1585 1704 2083 2322 2408 
188 818 892 1262 1321 1329 1338 1371 1399 1689 1798 1801 1873 2246 
190 195 294 749 2768 
191 245 311 393 618 957 1004 2206 2211 2331 
194 641 1070 2592 
196 204 395 1821 2121 
199 542 1115 1130 1176 1181 
201 397 775 915 996 1189 2625 
201 1268 1388 1576 1577 1638 1778 2245 
203 360 921 922 1154 2703 2825 
205 728 1604 1659 2146 
206 923 1122 1160 1271 1272 1370 1465 1591 1597 1816 2225 
207 209 210 896 2197 
207 209 1307 2061 2683 
208 295 358 390 450 725 1318 
211 993 1858 1859 1902 2223 
212 407 457 458 459 545 555 557 558 740 742 743 744 2321 2729 
215 787 789 1285 1336 2320 2326 2327 2329 
216 217 218 219 220 221 222 223 234 925 
224 1751 1756 2463 
225 328 2337 2341 2342 2627 2630 2746 2830 
229 784 788 790 792 2091 2098 2252 2253 2266 2269 
230 330 586 588 819 
231 638 2192 2296 
231 968 1046 2192 
232 1244 1245 2131 
233 235 461 1439 1548 1605 1606 1613 1614 1615 1617 
235 575 577 1404 1419 1420 
238 247 2453 2554 
240 1456 1463 1466 1786 1865 1947 1950 1951 2109 2110 
252 553 726 1263 1265 1513 1735 2367 2391 2759 
253 1425 1631 1706 
254 959 1223 1266 2115 2812 2813 2814 2815 2842 
255 268 2016 2132 
256 465 639 661 662 2810 
258 261 272 455 956 1142 1198 1293 1359 1360 1885 2066 2371 2531 2536 
260 772 2402 2671 
262 263 488 696 1140 1291 1292 1361 1515 1718 1898 2085 2086 2087 
264 564 673 935 1069 1584 1821 1891 1979 2132 2424 
265 668 989 1738 2066 2518 
269 660 843 879 942 1063 1076 1129 1138 1220 1264 1428 
270 273 274 1236 2193 
276 754 965 1086 1434 1442 1530 1531 
278 623 712 873 877 1158 1202 1668 1669 1682 2386 2419 2617 
281 282 1048 1349 2141 
281 282 1048 1349 2141 
283 1337 1397 1524 1934 2190 2294 
283 584 1021 1549 2124 2136 2146 2309 2315 2356 2363 2448 2604 
284 286 327 468 470 473 
290 679 897 1049 1207 1774 1815 1850 1895 1897 1922 1965 2010 2037 2545 
291 1239 1549 1572 1584 
292 354 440 864 918 1105 1162 1267 1295 1657 2045 2668 
297 630 631 632 810 1086 1530 1673 2652 2806 
298 682 1550 2026 2445 2477 2487 
299 300 348 446 1195 1447 2156 2485 
301 1209 1508 1598 1676 2116 
302 303 372 797 919 1284 1518 1519 2500 
304 1329 1599 2354 2470 
306 307 432 533 1590 1674 1734 2674 
306 333 937 1014 1407 1487 1536 1583 1933 2011 2143 2205 2313 2449 2679 
309 494 613 690 701 990 1355 1369 
310 474 804 962 1348 1578 1601 1664 1805 1847 1999 2007 2168 2660 
310 1217 1977 2332 
319 442 503 505 838 1365 1560 1686 2096 2786 2787 2788 
320 321 322 323 324 325 326 
331 420 657 767 814 815 2418 2420 2650 
331 753 823 1917 
332 449 619 654 1641 1878 2028 
335 365 379 398 415 803 1069 1221 1454 2717 
336 864 2048 2197 
337 338 339 341 342 343 396 1727 2367 
340 980 2495 2497 2544 2688 2690 
342 634 670 850 1382 1384 1440 1880 2234 2481 2538 
344 762 928 949 951 1226 2437 2602 2608 2643 2821 
345 425 1131 1381 2298 2585 
347 732 1044 1053 1257 1864 2311 
347 698 713 724 815 941 1462 1471 1607 1780 1927 2169 2174 2811 
355 1836 1939 1982 2549 
359 590 591 592 597 599 600 601 602 604 605 606 607 609 2163 
367 510 554 556 741 1281 1835 2048 2375 2376 2723 
369 1825 2456 2459 2471 2720 
370 371 624 845 847 883 1634 1793 2729 
370 401 624 1634 
373 374 653 1363 
375 570 831 987 1048 1545 
376 377 378 421 1766 2665 2799 
377 378 858 1345 1385 1435 2074 2176 2291 2443 2580 
381 382 824 2241 2460 
386 916 983 994 1196 1197 
392 1625 1753 1852 1941 
399 862 1178 1578 1611 1635 2281 2510 
401 737 750 847 1463 1467 1468 1469 1470 1504 1649 1793 1901 1950 1984 
402 672 1927 2791 
405 616 839 920 
406 513 514 960 1331 2441 
412 893 1289 1337 1650 1690 1934 2385 
416 572 573 585 
424 820 927 1670 1671 1676 2047 
426 677 931 1161 
427 598 1164 1166 1353 
431 681 684 715 2807 
434 987 1277 1322 1545 
437 1050 1838 1918 2526 2843 
438 448 507 1357 1453 1648 1651 1653 2093 2095 2187 
439 981 988 1364 2323 2324 2330 2351 2369 2502 
441 835 908 944 1125 1149 1328 1558 2015 2284 2317 2734 2822 
442 1752 2358 2673 
445 495 640 782 
454 456 735 1235 1255 1501 2790 
460 1795 1987 2021 
462 485 678 748 1278 1279 1705 1930 2164 2165 2412 
463 1967 2616 2626 2713 
471 472 582 669 693 
475 1716 1932 2254 2257 2558 2564 
476 596 1521 2393 2422 2557 
477 484 1204 1488 1853 2049 2089 2248 2256 2840 
478 2039 2200 2521 
479 1386 2693 2694 2704 2803 2819 
480 489 490 2019 2046 
481 630 631 632 
482 1825 2515 2541 
491 650 1216 2615 
500 522 523 1860 
511 1296 1433 1566 1567 1785 1908 2126 2300 2482 2484 2695 
517 695 756 995 1038 1039 1040 1718 1719 2473 2663 
520 526 1346 2257 2596 
520 801 961 1018 2344 2687 
526 779 780 1821 2142 2257 2362 
531 984 2576 2610 
531 671 2540 2575 2581 2705 
532 578 1447 2836 
537 777 1179 1366 1423 1739 
538 543 587 2738 
544 660 1514 1595 1722 1730 2117 2398 
546 1139 1919 2365 2366 2505 
549 747 800 1478 
552 700 2064 2207 2795 
559 574 1143 1473 1923 1924 2501 
561 882 1769 1840 2052 2466 2574 2692 
562 1733 2255 2365 2445 2831 
576 2020 2057 2151 2154 2171 2468 2753 
579 1389 2013 2014 2145 
579 1208 1389 1532 1822 2013 2014 2050 2145 
579 1208 1389 1532 2013 2014 2145 
583 898 900 901 902 903 904 1911 1964 2053 
589 1658 2178 2179 2182 2187 2189 2233 
594 1286 1655 1656 1657 1794 
614 666 1430 2436 2640 
615 688 704 2157 
620 1108 1109 1110 1111 2657 
626 628 825 1013 
627 854 1422 1663 
629 1725 1767 1770 1772 1886 1931 2297 
630 631 632 810 
633 1771 1783 2040 2082 
642 647 992 1120 2823 
643 888 963 1445 1448 1490 
644 1457 2069 2078 2775 
645 673 1591 1891 
648 1733 2364 2382 2387 2414 2415 2416 
649 2383 2425 2427 2658 2686 2844 
667 1146 1167 1219 1230 1234 1280 1762 2752 
680 721 1644 2433 
683 708 709 798 1027 1073 1910 2684 
683 1024 1025 1028 1168 1169 1170 1175 1177 1233 1256 1258 1310 1340 1952 
685 906 1274 1823 1903 1904 1907 2100 2102 2827 
686 1273 1331 1544 1856 2217 2413 2473 
691 912 1067 1362 1912 
695 995 1075 1913 2051 2335 
697 1121 1989 2424 
699 702 703 706 880 
700 851 1009 2112 
705 1163 1183 1398 1509 1512 1579 1968 2103 
707 1557 1799 2598 2770 
711 1152 1609 2140 
714 1728 2322 2352 
718 738 971 1354 1681 
722 1045 2462 2480 
723 874 1986 2685 
726 909 1414 2659 2769 
727 1058 2084 2312 2398 
729 1507 2311 2504 
733 1464 1640 1684 1701 1936 2017 
739 1672 1695 1808 1962 1997 1998 2041 2042 2043 2127 2571 2834 2835 
745 746 829 830 910 1054 1055 1060 1062 
751 752 1430 1431 1432 1547 2392 2403 2478 2501 
759 1089 1099 1100 1104 2316 
763 1050 1750 1848 2334 2820 
764 2310 2378 2524 2525 2653 2654 2677 
768 774 794 795 1187 1252 1906 2175 2832 
776 1895 1897 2056 
781 786 1437 1734 
783 1586 2062 2730 2766 
785 2747 2810 2818 
805 806 807 808 809 1481 2244 
827 997 2220 2494 2533 
834 863 872 936 2714 2793 
834 2583 2621 2696 
844 1788 1846 1966 2077 2353 2642 
846 860 1422 1757 1759 2697 2817 
846 1438 1483 1573 1696 2201 2507 2751 2797 
853 858 859 884 885 2292 
856 857 1554 2475 
865 933 940 1222 1709 1776 1817 1819 
869 870 871 1449 1485 1543 1724 1887 2553 
881 1193 1326 1372 1467 1468 1469 1470 1475 1516 1829 1984 
887 1148 1156 1248 1249 1250 1251 
889 1637 1700 2809 
890 1312 2139 2302 2451 
894 1351 1495 1496 1497 1505 1626 1630 1633 1698 1726 1737 
895 1834 2018 2108 2170 2706 
905 1596 1729 2314 2461 2528 
906 1212 1871 2435 
911 1623 1814 1980 
917 1266 1418 1522 1747 2812 2813 2814 2815 2842 
920 2023 2059 2125 2406 2567 2570 2785 
926 1847 2289 2490 2794 2841 
928 1224 1226 1227 1228 1229 
930 932 939 1352 1620 
934 1088 1090 1201 1210 1888 
938 1068 1134 1342 1343 1754 
945 1603 1693 1694 1768 1920 2336 2337 2338 2339 2340 2341 2342 2343 
947 1006 1061 1171 1174 1269 1270 1682 1797 2357 2651 2657 2677 
948 1863 1868 1869 1870 1990 
957 1839 1867 1948 2031 
973 2279 2772 2773 2824 
976 1333 1400 1424 1559 1837 1866 2029 2382 2445 2689 
977 978 979 1320 1624 
982 1005 1007 1008 1081 1101 1191 1192 1199 1200 1240 1241 1334 2287 2288 
1010 1472 1575 1632 1682 2607 2609 
1011 1662 1680 2777 2778 
1012 1015 1388 2068 2804 
1017 1019 1378 1379 
1020 2599 2600 2601 
1022 1047 1157 1315 
1026 1717 1720 1721 1928 1929 
1029 1030 1031 1032 1033 1034 1035 1036 
1037 1311 1341 1373 
1037 1311 1341 1373 
1039 1856 2073 2134 2217 2514 2701 
1040 1403 1404 2038 2044 
1041 1042 1043 1155 1350 1945 2540 2559 2581 
1057 1298 1300 1301 1302 1305 1306 
1069 2159 2161 2162 
1071 1413 1628 1804 2359 2519 2718 2758 2779 
1077 1078 1079 1080 1081 1082 1083 
1086 1841 1963 2016 2450 2635 2636 2637 2638 
1091 1092 1094 1102 1107 2308 2512 
1093 1095 1096 1098 1112 1113 1116 1967 
1106 1612 1715 2695 
1117 1118 1147 2274 2275 2276 2278 2678 2681 
1119 1132 1133 1526 1527 1528 1529 
1124 1194 2235 2236 2709 
1127 1511 1592 1593 1594 
1131 1135 1809 1854 2177 2782 
1136 1297 1787 2765 
1144 1246 1247 2432 
1159 1283 1405 1978 
1173 1215 1476 1506 1507 1616 1622 2104 2119 2137 2149 2420 2472 
1185 1401 1402 1410 1411 1765 2631 2632 2633 2644 
1205 1206 2202 2210 
1218 1556 1794 2552 
1260 1708 1710 1712 
1261 1325 1423 1426 1474 1480 1802 1844 1861 1921 2457 2539 
1282 1294 1313 1314 1517 2345 2346 2347 2348 2350 2648 2702 2731 2732 
1287 1290 2020 2057 2151 2534 2535 2663 
1298 1300 1301 1302 1305 1306 
1316 1356 2194 2563 2566 
1319 1479 1758 1909 2022 2808 
1323 1324 1491 1492 1493 1494 1602 
1335 1711 1713 2299 
1367 1427 1642 1666 1993 1994 1995 2063 2065 2088 2222 2381 2691 2716 
1375 1406 1408 1460 2229 2672 
1380 2491 2493 2546 2547 2548 
1390 1643 2395 2622 
1390 1699 2133 2191 2543 2832 
1393 1394 1395 1396 
1405 1477 1541 1894 
1415 1642 1843 1876 1900 1992 2067 2160 2218 
1421 1904 2024 2100 2102 2173 2270 2271 
1436 1546 2085 2086 2087 2138 2492 2724 2784 
1439 1534 1759 1953 
1443 1444 1461 1973 
1450 1520 1610 1618 1969 
1451 1452 2800 2802 
1455 1486 2306 2486 2666 
1498 1933 2205 2449 2711 2805 
1499 1500 1697 2113 2114 2115 
1533 1667 1723 1843 1876 1914 2002 2070 2466 2708 
1537 1702 1707 1811 2208 2242 2247 
1561 1574 1775 1971 2597 
1570 2611 2612 2613 2614 
1627 1628 1629 1968 
1636 1892 1893 1940 
1645 2130 2183 2188 
1646 1651 1652 1653 1654 1658 2036 2079 2128 2129 2181 2186 2189 2233 2442 
1662 1680 2777 2778 
1666 1875 1905 2088 2160 2286 2370 2464 
1739 1740 1741 1742 1743 1744 1745 1746 1926 1983 1985 2075 2076 2196 2243 
1764 2158 2160 2166 2710 
1842 2008 2009 2405 
1855 1857 2011 2012 2355 
1877 1879 2397 2474 
1889 1896 1972 2377 2410 2423 2767 
1910 1943 2080 2237 
1915 1935 2035 2055 
1925 2394 2396 2590 
1935 2135 2214 2216 
1954 1955 1956 1957 1958 1959 1960 1961 2001 2003 2005 
1975 1976 2101 2542 2634 
1981 1991 1993 1996 2222 2230 
2027 2144 2167 2282 
2081 2122 2123 2198 
2092 2093 2094 2095 2097 2099 
2092 2093 2094 2095 2097 2099 
2105 2219 2220 2221 2224 
2152 2153 2155 2259 2280 
2172 2593 2594 2595 
2180 2184 2185 2239 2304 2801 
2203 2290 2725 2828 
2209 2319 2426 2529 2719 
2231 2299 2301 2479 
2231 2349 2399 2400 2441 2748 
2231 2438 2439 2440 
2232 2513 2628 2629 
2260 2261 2262 2263 2264 
2272 2380 2736 2737 2739 2740 2741 2742 2743 2744 
2273 2279 2305 2307 2333 2358 
2360 2372 2373 2374 
2364 2387 2414 2415 2416 
2388 2389 2390 2646 2647 2733 2771 2789 2792 2794 2795 2796 2798 
2428 2429 2430 2431 
2444 2565 2582 2589 2649 2750 2837 
2446 2452 2454 2455 
2498 2499 2508 2588 
2555 2556 2568 2569 2675 2676 
2606 2618 2619 2667 2707 2761 2764 
2669 2722 2806 2810 
2726 2749 2750 2780 2781 
2735 2736 2737 2739 2740 2741 2742 2743 2744 
2755 2756 2757 2758 
2759 2760 2762 2763 
