1 5 208 228 332 471 638 695 705 854 897 1331 1871 
2 573 586 771 954 955 1271 1670 1672 1975 2624 2656 2733 
2 245 852 2388 2389 2568 
3 299 307 309 334 410 411 486 
4 362 460 1190 1282 1489 1490 
6 44 90 139 234 244 254 282 290 338 414 422 426 473 478 520 538 1483 2368 3169 
7 108 383 773 1023 1073 1075 1264 1323 1420 1636 1638 1660 2198 2199 2247 2929 
8 10 11 13 15 16 19 20 21 22 23 24 25 43 804 1239 1259 2981 3059 
9 78 189 961 1006 1225 1911 2071 2565 2735 2932 3014 
12 40 302 697 1152 2476 2536 2592 
14 135 201 217 229 285 286 287 430 602 761 1231 
17 766 891 1068 1095 1101 1311 1345 1483 1510 1639 1661 2121 2397 2615 2799 2841 2938 
18 2675 2676 2678 2679 2681 2930 2968 2977 3036 3066 
18 251 269 1473 2335 2930 2968 2977 3066 3067 
26 158 164 238 609 765 1067 1119 1553 1564 2576 
27 176 344 345 543 806 849 863 965 1059 1418 2485 3052 
28 29 34 322 327 455 1761 1858 1879 2007 
30 312 513 2427 2597 2754 2756 
30 33 224 806 981 982 1096 1107 1153 1160 1348 
31 209 712 1122 1123 1777 1813 1814 2079 3058 
32 2939 2940 2941 2942 
32 83 178 584 785 901 902 1522 2634 2833 
35 42 148 1240 1461 2073 2086 2162 2574 
36 37 1794 1799 1800 2810 2973 2985 2986 3031 3032 3033 
37 1363 1365 1367 1369 2609 
38 53 54 104 107 185 187 188 190 267 596 992 1071 2858 
39 507 594 814 906 949 984 985 1049 1355 2027 2076 2100 2224 2259 2271 2330 2993 2995 
39 346 467 577 713 910 1058 1362 1820 1825 1892 1929 1948 2075 2145 2196 2786 2871 2910 
39 370 434 636 726 727 1114 1342 1355 1362 1519 2027 2035 2057 2817 
41 1373 2152 2153 2225 2227 2303 2307 2309 2653 
41 930 2695 2696 2697 2777 3057 
43 752 804 1239 2223 2617 
43 752 804 1239 2223 2617 
45 357 406 461 462 632 964 1463 
45 174 328 356 415 431 433 438 440 441 442 593 675 855 856 860 964 2563 
46 48 111 150 159 313 314 1371 1423 1915 2627 2691 
47 106 605 658 734 878 1023 1248 1773 
47 55 70 73 94 99 151 191 265 271 373 657 658 659 947 994 1845 2956 3035 3040 
49 281 465 575 1260 1579 2633 2807 2832 2861 2884 2887 2908 2919 2970 2978 3085 3092 
50 51 365 368 369 1459 
52 255 325 385 556 561 1121 1134 1333 2042 2672 2862 2904 2998 
56 185 187 188 190 
57 86 127 137 683 744 746 786 941 942 2328 
58 618 1335 2551 2562 2768 2776 2853 
58 223 336 372 593 999 2078 2080 2084 2090 2758 
59 60 292 944 1137 1214 1330 1397 1496 1497 1550 1747 1830 2226 2890 2899 2902 3046 
59 60 61 62 63 65 96 193 195 203 292 371 681 944 
62 63 629 1010 1097 1136 1329 1344 1398 1495 2431 2882 2913 
64 95 97 138 202 204 428 474 623 893 1304 1626 1712 1868 1982 1983 2125 2311 2317 2773 
66 101 198 1572 2109 2275 2333 
67 588 676 905 1192 1615 1730 1743 1784 1954 1960 1967 1968 2005 2266 2353 
68 74 76 77 111 113 114 115 116 136 
69 745 1111 1132 1321 1448 1450 1774 2142 2672 
70 911 922 924 927 974 1323 1773 1802 2009 2151 2553 
71 81 197 448 506 
72 75 182 685 781 996 997 998 1037 1038 1132 1218 1268 1334 1503 1536 1537 1538 
73 511 1633 1795 1802 1845 2230 2759 2828 2967 3175 
79 89 468 743 904 970 1093 1144 1410 1414 1415 1667 1668 1766 1922 1923 1947 2519 
80 1219 1507 1652 2018 2765 2822 2896 2996 
80 284 620 1219 1250 1601 1736 1742 1846 1937 1956 1996 2373 2495 2721 2918 3077 3089 3090 
82 145 205 206 246 1025 1524 2846 
84 583 903 1015 1045 1138 1145 1146 1147 1959 2206 2794 3049 
85 88 247 366 367 578 788 846 1009 1466 1596 1598 1621 1669 1834 1916 1918 2262 2757 
87 1025 1764 1778 2737 
91 456 759 1230 1780 2403 2739 2789 
91 490 615 616 799 982 1211 1604 2386 3034 
92 133 288 295 662 664 665 666 667 668 670 
93 1116 1126 1148 1303 2131 2132 2139 2140 2141 2169 2283 2635 3123 
93 399 1026 1027 1028 1029 1030 1126 1148 2713 2816 2818 2865 3020 3022 3123 
94 99 772 924 927 947 1197 1429 1430 1471 1474 1695 1758 2198 
95 1894 2022 2552 3112 
98 143 233 239 640 1072 1293 1309 1359 2104 2472 
100 371 514 837 1010 1276 1387 1494 1744 2066 2880 2882 2883 2914 
102 254 1425 1473 2337 2787 2831 2997 
103 105 552 1445 1482 1586 1650 1659 1912 2062 2236 2344 2345 2346 3087 3101 3173 
106 494 498 499 504 505 511 773 888 993 1197 1758 
109 112 1300 1346 1765 2024 2026 2829 
110 560 563 630 1001 1120 1121 1168 1265 1649 2036 2154 3027 
115 150 155 157 159 168 169 170 171 172 173 671 973 975 976 1317 1535 2043 2233 
117 142 413 417 424 464 487 492 493 634 1316 1528 1530 1540 1792 
118 119 122 390 1592 2732 
120 280 2060 2061 2117 2119 2520 2824 
120 1017 2426 2441 2535 
121 147 449 450 451 715 748 757 782 783 1161 1535 2115 2116 2824 3004 3044 3100 
123 124 125 131 1076 1077 1587 2483 
126 645 646 647 1581 2783 
128 222 1569 1700 1793 1945 2534 2598 2649 2994 3114 
129 176 1118 1396 1928 2367 2370 2372 2485 2809 2840 2842 
130 212 311 335 425 843 966 1307 1399 1764 2737 
132 290 312 457 513 1483 1574 1575 2143 2221 2540 2547 2630 2936 2950 2989 3107 
134 477 624 625 627 628 739 1653 1654 1706 1707 1811 1933 1934 2016 2830 2954 2955 
139 426 1462 1472 2584 
140 237 291 341 905 979 983 1411 1837 1856 1903 2034 2097 2743 
141 604 1952 2048 2615 2747 2841 
144 576 828 880 957 968 1241 1431 1714 1804 2125 2191 2744 2975 2976 2988 3143 3163 
145 206 245 247 349 479 485 915 1087 1165 1299 1380 1426 1447 1521 1677 
146 710 857 2948 2949 3012 
149 226 412 482 1033 1208 1692 
152 953 1008 1191 1391 1452 1475 1724 1738 1739 1741 1771 1957 2418 2422 2438 
153 154 355 810 812 971 1053 1054 1055 1200 1400 1562 2040 2363 2364 2726 
156 175 177 179 1375 1821 1822 1823 2003 2004 2215 2834 2947 
158 517 518 714 749 787 861 1417 1508 1593 1613 
160 489 533 534 544 959 1917 2258 2707 
161 163 165 293 294 427 524 537 595 621 644 1016 1995 
162 1261 1262 2713 3020 3022 
164 238 240 1931 1932 1976 1994 1995 2029 2146 3063 
166 579 932 2729 2894 
167 535 542 547 612 613 1534 1619 2384 
180 181 1253 1254 3158 
183 270 318 359 600 1039 1278 1914 2385 2543 2731 2826 2873 2874 2897 
184 279 472 1142 1424 1663 1925 2037 2659 3167 
184 639 839 1226 1663 2088 2214 2255 2851 3180 
186 335 366 367 1618 1764 1778 
192 435 582 592 801 802 816 842 844 845 1159 1439 1502 1549 1565 1815 1818 1946 2711 
193 1215 1292 1746 2803 2881 2903 2909 2966 2974 3003 
194 516 889 2912 3081 
196 307 480 510 590 635 758 885 1103 1827 2095 2336 2698 2901 3170 
199 1135 1169 1170 1171 1172 1173 1174 1246 2186 2407 3093 3181 
200 2136 2137 2393 2447 2448 2449 2450 2451 2452 2453 2454 2455 2503 2504 2505 2510 2762 3096 3097 
200 213 242 358 409 458 762 1234 1444 1529 1832 1980 2575 
207 2655 2661 2683 2699 2852 
207 350 525 530 547 841 990 2143 2155 2654 2655 2661 2683 2699 2701 2852 
209 515 815 838 1040 1324 1513 1577 1594 1599 1953 1955 2204 2628 2766 2798 2948 2949 
210 214 216 253 1609 1767 1783 
211 320 323 497 500 721 732 1032 1196 1222 1499 1600 1716 2200 2218 2219 2517 2677 2780 3147 
215 495 503 1715 1893 2439 
218 249 418 421 523 541 597 598 719 756 819 1509 2472 2473 3017 
219 220 767 2525 2527 
221 801 842 896 1094 1141 1438 1439 1815 1818 1946 2399 2653 2734 
225 949 1046 1447 1512 1521 1529 1567 1598 1929 2045 2055 2144 2571 
227 235 342 875 3105 
228 289 365 471 720 1125 1175 2529 2533 2662 
230 972 978 1180 1181 1183 1184 2273 2274 2276 2277 2278 2279 2280 2281 2282 
231 232 301 305 319 343 521 645 646 647 1069 1226 1306 1424 1820 2181 2685 2835 2837 
236 244 473 2081 2442 
239 640 1293 1309 1359 1364 
241 476 908 1078 1167 1372 2951 
241 1454 1588 1808 1809 1870 2023 2570 
243 423 1084 1085 1335 3037 3166 
245 852 1841 1892 2471 
246 1087 1299 1342 1457 1458 1566 1677 1825 1832 2075 2550 
248 250 251 1052 2523 
248 250 1493 2373 3015 
249 344 419 463 541 849 1509 
252 1163 2128 2129 2172 2548 
253 491 549 550 551 642 653 655 656 867 869 870 871 2652 3064 
256 918 920 1471 1527 2651 2657 2658 2660 
257 258 259 260 261 262 263 264 277 1089 
266 267 268 272 273 829 948 1757 1897 2235 2242 2339 2343 2556 2625 2682 
267 384 2667 2671 2672 2953 2957 3082 3171 
271 917 919 921 923 2408 2416 2577 2578 2595 2599 
274 557 739 740 832 833 834 835 951 956 1088 1217 1501 1506 1645 1648 1934 2319 
275 386 689 690 950 
276 278 553 1646 1774 1842 1843 1850 1851 1852 1854 
278 677 679 1605 1623 1624 
283 1665 1675 1678 2031 2134 2228 2231 2232 2429 2430 
296 651 850 1448 1450 1727 1979 2697 2720 3098 
297 1127 1409 1451 2434 3154 3155 3156 3157 3184 
298 559 747 769 770 3152 
300 303 315 547 1124 1322 1382 1480 1554 1555 2155 2378 2701 2852 2857 
304 306 585 808 1320 1478 1479 1557 1729 1961 2168 2402 2403 2404 
307 663 784 1103 1244 1817 2081 2163 2263 2457 2751 
308 777 1158 1984 2378 2836 
310 339 401 464 469 470 484 496 622 634 822 853 943 1046 1195 1341 1374 
312 768 986 1031 1110 1238 1251 1308 1318 1405 1449 1632 
313 316 317 1423 2520 
321 883 1133 1263 1641 1651 1753 1754 
324 731 830 1022 1024 1340 1386 1900 1901 1921 2715 2745 2944 
326 420 439 501 648 847 1048 1155 1401 1447 1556 1779 2144 2196 2366 2817 
328 329 1221 1542 2465 
328 329 1221 1542 2465 
330 1528 1595 1745 2212 2516 2626 
330 687 1194 1775 2443 2460 2471 2640 2646 2687 2693 2769 2931 
331 333 382 562 564 567 
337 790 1056 1223 1392 2019 2074 2118 2165 2167 2197 2250 2312 2340 2866 
339 1426 1775 1803 1817 
340 414 530 1011 1081 1284 1345 1453 1483 1890 2352 3002 
347 736 737 738 940 1263 1753 1906 2982 3148 
348 793 1776 2329 2765 2796 2808 
351 352 408 536 1379 1655 2483 2805 
353 589 728 794 952 1157 1781 1878 1902 2033 2456 2602 3094 3121 3131 3151 
354 1394 1721 1833 1913 2436 
356 357 438 928 1082 1470 1734 1735 2819 
358 1521 1835 2685 2790 
360 361 520 633 1824 1910 1978 3006 
360 389 1105 1187 1607 1698 1759 1816 2210 2313 2467 2528 2644 2770 3011 
363 592 717 802 816 1159 1549 1565 
364 568 934 1130 1541 1810 1838 1896 2059 2113 2302 2310 2492 2992 
374 533 599 601 980 1560 1790 1926 2414 3126 3127 3128 
375 376 377 378 379 380 381 
387 508 764 898 945 946 2744 2746 2979 
388 540 722 760 1873 2149 2331 
391 392 393 394 488 502 532 549 550 551 672 673 688 977 1722 1752 2916 2917 
395 429 447 480 501 933 1244 1407 1663 3054 
396 397 398 400 402 403 475 1972 2697 
399 1148 2816 2818 2865 3020 3022 
402 742 779 995 1580 1582 1647 2150 2559 2801 2859 
404 890 1093 1117 1119 1412 2760 2928 2935 2972 3162 
405 513 1310 1578 2630 2911 
405 520 914 1084 1085 1086 1335 1571 1591 1978 2359 2391 2464 2886 2911 3006 3037 
407 858 1219 1227 1442 2133 2642 
407 809 831 848 946 1109 1674 1683 1844 2025 2202 2493 2498 3153 
416 2101 2216 2267 2870 
421 692 693 694 699 701 702 703 704 706 707 708 709 711 2488 
432 606 652 654 868 1468 2099 2356 2703 2704 3060 
435 2085 2774 2777 2791 3057 
436 437 733 988 991 1036 1867 2038 3064 
443 669 964 1154 1221 1770 
444 445 446 509 2010 2999 3141 
445 446 1002 1536 1583 1642 2387 2500 2622 2763 2905 
452 453 958 2566 2778 
454 619 1042 1098 1336 1339 2063 2068 2217 2220 2782 2785 2922 2923 2924 2925 2926 
459 1079 1151 1165 1380 1381 
466 1861 1998 2120 2221 
481 1007 1361 1810 1848 1869 2613 2827 
483 864 876 991 1675 1679 1680 1681 1682 1717 1882 2038 2171 2231 2269 
490 610 611 1128 1523 2761 
491 546 591 642 653 655 656 823 827 867 869 870 871 988 2038 2652 
496 1047 1476 1528 1883 1930 2212 2714 
505 774 994 1323 1403 1422 1573 1694 1733 1802 1849 2151 2657 2767 2795 2929 2956 3118 
512 952 1092 1902 1903 1913 2355 
515 700 1347 1349 1547 
519 791 796 836 3149 
522 1154 1463 1514 1770 
525 1224 2103 2192 2845 3185 
526 716 723 724 755 1014 1836 1874 1875 1927 2039 2347 2413 2484 2524 2545 2546 2750 2850 
527 539 603 1552 1662 1880 1884 1886 2410 2412 2514 
528 558 722 800 879 909 1543 1671 1780 1782 2046 2096 2211 2272 2324 2435 2702 2971 3139 3140 
529 1149 1156 1559 2654 2655 2661 2683 2699 2821 
531 968 1070 1112 1302 1328 1520 1788 2317 2616 2648 3069 3163 
545 548 862 1421 1440 1713 3130 
554 581 789 874 1464 1465 1948 2207 2489 2490 2738 
555 2252 2943 2952 3050 
565 566 684 778 805 
569 1958 2209 2579 2583 2879 2886 
570 698 1740 2723 2748 2878 
571 580 1390 1699 2122 2357 2406 2573 2581 3182 
572 1585 3026 3027 3038 3144 3160 
573 586 587 2322 2354 
574 682 2164 2187 2188 2189 2190 2222 2477 2537 2582 2585 2632 2848 2872 3049 
607 729 730 969 1164 1437 1905 1907 1908 1909 2087 2089 2111 2158 2395 2752 2753 
608 1484 1640 1797 1798 2030 2178 2445 2631 2802 2804 3028 
614 807 884 1166 1211 1212 1213 1961 1962 2793 2997 
617 626 1539 2583 2920 
617 931 1129 1193 2674 3019 
626 912 913 2081 2466 2583 2692 
631 780 2861 2900 2906 3039 
637 910 1362 1561 1628 1985 
641 768 1728 1829 1965 1974 2437 2726 
643 1319 2193 2695 2696 2823 
649 1004 1013 1762 1763 2049 2050 2051 2052 2053 2054 2069 2072 2089 2091 2093 2094 
650 813 2376 2530 3135 
657 674 1323 1685 2198 2199 2820 
660 1035 2013 2105 2361 2784 2898 3025 
661 1977 2580 2695 2765 3172 
678 2323 2369 2478 2481 2496 2788 3091 
680 1589 2315 2316 2469 
680 1393 1589 1755 2082 2315 2316 2358 2469 
680 1393 1589 1755 2315 2316 2469 
686 1057 1060 1061 1062 1063 1064 2182 2249 2365 
691 1891 2502 2506 2509 2514 2515 2558 
696 1472 1888 1889 1890 2041 
718 775 1634 2759 2967 
725 1286 1287 1288 1289 2987 
735 1970 2011 2014 2017 2156 2208 2629 
741 2015 2028 2342 2398 
749 753 1162 1298 3164 
750 1043 1131 1652 1656 1701 
751 1666 2382 2392 3113 
754 1977 2694 2710 2716 2740 2741 2742 
756 2712 2754 2756 2990 3018 3186 
763 792 793 880 881 882 894 895 900 1189 1378 2284 2394 2396 2470 2729 2808 2915 
776 1325 1350 1404 1416 1420 1467 2006 3088 
795 825 826 929 1201 1247 2180 3016 
795 1198 1199 1202 1351 1352 1353 1358 1360 1419 1441 1443 1498 1531 2234 
797 1066 1460 2083 2173 2174 2177 2419 2421 3168 
798 1459 1523 1769 2126 2538 2739 2793 
803 1074 1242 1558 2183 
807 1166 1249 2184 2360 2665 
811 817 818 821 1033 
820 1346 1366 1597 1723 1726 1812 2253 2423 
824 1787 2047 2927 3108 
840 865 1139 1548 1920 
850 1071 1616 2991 3106 
851 1233 2401 2643 2726 
859 1676 1872 1924 1943 2213 2320 
866 1904 1938 2064 2246 2300 2301 2344 2345 2346 2446 2895 3177 3178 
872 873 962 963 1072 1228 1229 1235 1237 
877 878 1634 1635 1637 1773 2722 2730 2797 2820 
886 1090 1220 1232 1332 1343 1388 1389 1406 1584 1622 2110 2113 2157 2724 2725 2800 3176 
887 1267 1278 1279 1283 2647 
892 1224 1997 2114 2664 3161 
895 2641 2706 2843 2844 2983 2984 3009 
899 907 925 926 1370 1436 2176 2499 3174 
916 1819 2374 3065 3103 
935 936 937 938 939 1691 2569 
960 1168 2542 2815 2854 
967 1010 1021 1104 3051 3133 
987 2032 2112 2251 2390 2684 2969 
989 1005 1627 2000 2002 3030 3159 
989 1644 1693 1805 1939 2526 2825 3086 3137 
1000 1002 1003 1037 1038 2623 
1012 1100 1108 1408 1950 2021 2077 2079 
1018 1019 1020 1657 1696 1768 1969 2159 2875 
1034 1377 1518 1568 1679 1680 1681 1682 1687 1731 2092 2269 
1041 1327 1338 1432 1433 1434 1435 
1044 1500 2463 2633 2772 
1050 1545 1706 1707 1708 1718 1862 1864 1866 1941 1971 1981 
1051 2098 2321 2428 2494 3041 
1065 1831 1973 2645 2779 2847 
1080 1451 1620 1742 1993 3154 3155 3156 3157 3184 
1083 2326 2371 2444 2732 2891 2894 3125 
1091 2113 2621 2811 3134 3183 
1093 1410 1412 1413 1414 1415 
1096 1099 1107 1546 1857 
1102 1266 1269 1385 1395 2160 
1106 1243 1314 1532 1533 1999 
1113 1840 1935 1936 2012 2194 2666 2667 2668 2669 2670 2671 2672 2673 
1115 1177 1236 1354 1357 1455 1456 1921 2044 2688 2980 2987 3009 
1116 2132 2139 2140 2141 2283 
1125 2104 2138 2229 2334 
1140 2611 3110 3111 3165 
1143 1525 1600 1629 1789 2102 2135 2332 2710 2765 3021 
1145 1146 1147 1511 1860 
1150 1176 1178 1179 1256 1280 1375 1376 1383 1384 1427 1428 1526 2619 2620 
1182 1684 1807 1865 1921 2934 2937 
1185 1895 1919 3115 3116 
1186 1188 1588 2380 3145 
1200 1959 1963 1964 2203 2206 
1203 1204 1205 1206 1207 1208 1209 1210 
1212 2126 2386 2459 2538 2831 3034 
1213 1604 1605 2341 2348 
1214 1215 1216 1337 1544 2226 2861 2880 2906 
1231 1485 1486 1487 1488 1491 1492 
1245 1614 1863 2058 2690 2838 3055 3095 3117 
1252 1253 1254 1255 1256 1257 1258 
1263 2106 2248 2318 2771 2962 2963 2964 2965 
1270 1271 1273 1281 1285 2639 2829 
1272 1274 1275 1277 1290 1291 1294 2252 
1295 1296 1326 2606 2607 2608 2610 3010 3013 
1297 1312 1313 1748 1749 1750 1751 
1301 1378 2560 2561 3045 
1305 1725 1826 1827 1828 
1310 1315 2065 2123 2501 3122 
1356 1402 1688 1719 1720 1853 1859 2424 2440 2461 2475 2746 2792 
1368 1602 1603 1610 1612 2009 2958 2959 2960 2973 
1446 1517 1628 1630 1686 1690 2056 2108 2130 2195 2775 2860 
1469 1481 1504 1505 1732 2675 2676 2678 2679 2681 2977 3036 3066 3067 
1473 1477 2323 2369 2478 2855 2856 2997 
1485 1486 1487 1488 1491 1492 
1507 1551 2521 2885 2889 
1510 1689 2001 2179 2325 3150 
1515 1516 1702 1703 1704 1705 1839 
1563 1631 1898 2107 2147 2148 2170 2175 2375 2400 2405 2474 2539 2555 2700 2709 
1563 1631 1876 1898 2290 2291 2292 2375 2377 2405 2544 2709 3023 3053 
1570 1606 1608 1673 2554 3005 
1576 2812 2814 2867 2868 2869 
1590 1942 2458 2518 2864 3174 
1602 1611 1785 1786 1799 2205 2468 2593 2594 2596 2600 2839 2973 3074 3076 3078 3080 
1617 1796 1876 1881 1951 2070 2170 2377 2379 2381 2487 2491 2614 2618 2781 3024 3029 3070 
1617 1876 2107 2148 2170 2287 2379 2487 2539 
1625 2174 2327 2419 2421 2497 2601 2603 
1643 1772 2402 2403 2404 2462 2813 3061 3124 
1658 1737 1847 1855 2254 
1664 1697 2637 2806 3000 
1709 2210 2528 2770 3048 3146 
1710 1711 1940 2432 2433 2434 
1756 1899 1966 2107 2148 2185 2305 2383 2784 3043 
1760 1944 1949 2067 2531 2567 2572 
1791 1806 2020 2256 2921 
1796 1876 1881 1951 2070 2362 2377 2379 2400 2405 2474 2487 2614 2618 2781 3024 3029 3047 3070 
1801 2939 2940 2941 2942 
1877 1884 1885 1886 1887 1891 2338 2393 2447 2452 2508 2513 2515 2558 2762 
1898 2147 2175 2405 2487 2618 2700 2781 
1985 1986 1987 1988 1989 1990 1991 1992 2201 2268 2270 2388 2389 2522 2568 
2008 2486 2487 2491 3047 
2124 2127 2313 2314 2686 
2161 2166 2257 2705 2736 2749 3104 
2170 2265 2285 2287 2288 2289 2294 2295 2296 2297 2298 2299 2349 2350 2351 2381 2474 
2237 2238 2239 2240 2241 2243 2244 2245 2304 2306 2308 
2260 2261 2420 2863 2961 
2264 2286 2290 2293 2544 2555 
2409 2410 2411 2412 2415 2417 
2409 2410 2411 2412 2415 2417 
2425 2541 2542 2543 2549 
2479 2480 2482 2586 2612 
2507 2511 2512 2564 2635 3142 
2532 2650 2755 2849 3056 
2557 2680 2727 2728 2761 3083 
2587 2588 2589 2590 2591 
2604 2708 3072 3073 3074 3075 3076 3078 3079 3080 
2605 2611 2636 2638 2663 2689 
2694 2716 2740 2741 2742 
2717 2718 2719 2975 2976 3068 3109 3129 3132 3134 3135 3136 3138 
2764 2888 2907 2914 2978 3085 3179 
2876 2877 2892 2893 3007 3008 
2933 2945 2946 3001 3042 3099 3102 
3062 3084 3085 3119 3120 
3071 3072 3073 3074 3075 3076 3078 3079 3080 
