1 348 473 491 513 514 515 527 528 529 618 714 839 885 1298 1542 1835 2048 2267 2537 2590 
2 17 98 114 151 629 871 929 1379 1480 1661 1735 1797 2000 2018 2032 2131 2350 2365 2627 2644 2649 
3 187 333 655 900 
4 46 316 659 1454 1729 1744 
5 71 72 88 438 441 941 942 
6 41 581 1920 2591 2623 
7 1053 1177 1178 1179 1205 1206 1207 1208 1246 1247 1248 
8 360 599 1363 1383 1906 2400 2432 
9 449 450 553 579 
10 19 65 222 255 285 546 779 960 1085 1130 1132 1409 1427 1477 1583 1639 1768 1772 1881 2212 2217 
11 574 947 1039 1447 1615 2401 2433 2434 2578 
12 35 1543 1557 1732 
12 67 117 167 193 583 662 842 930 974 1102 1210 1405 1421 1440 1501 1535 1596 1799 1834 1904 2300 2304 2332 2344 2622 
13 93 94 100 147 154 537 538 597 638 693 1082 1084 1161 1854 1877 1902 1910 1983 2029 2056 2156 2288 2347 2485 2568 2576 
14 64 479 793 886 888 1150 1168 1479 1681 2285 2327 2411 2488 
15 916 1570 1669 1779 2367 2370 
16 29 34 129 163 1095 1967 1975 2116 2117 2118 2256 2257 2322 
16 1027 1359 1788 2053 2584 
18 132 186 256 821 858 1002 1005 1013 1043 1086 1694 1827 
20 264 401 873 898 1716 1960 
21 33 327 728 824 924 928 1210 1221 2567 
22 70 224 345 458 1667 1868 1869 
23 62 241 328 590 798 822 832 1121 1163 1221 1302 1640 1661 1796 1903 2101 2356 2483 2494 2612 
24 543 1110 1200 1883 2435 
25 89 102 141 376 452 645 654 692 810 811 961 1045 1046 1051 1081 1290 1417 1579 1610 1782 1783 1878 1918 1945 1987 1988 2127 2298 2583 
26 166 178 223 1044 1063 1462 1482 1747 2019 2021 2022 2633 
27 123 286 516 765 1104 1239 2097 2269 2371 
28 30 31 32 40 42 
36 39 542 544 600 897 964 1362 1453 1471 1621 1802 1815 1818 1819 1880 1971 1979 2170 2405 2414 2527 
37 244 247 287 952 1144 1728 1813 
38 426 1969 1974 1984 2112 
43 232 379 787 788 813 922 1217 1907 2437 
44 270 303 444 601 1001 1334 2147 2610 
45 233 400 416 419 420 464 861 1199 1403 1703 
47 1177 1192 1194 1205 1206 1207 
48 118 344 699 769 834 910 1488 1595 1611 1950 2031 2086 2155 2178 2363 2393 
49 373 396 413 469 789 950 965 977 1321 1543 1605 1727 1929 2017 2184 
50 234 368 1154 1231 1307 1358 1870 2449 
51 52 1370 1374 1391 1395 1397 1399 1401 2152 2157 2342 
51 199 297 580 872 1363 1566 1645 1652 1773 2571 
53 365 484 555 592 907 951 1016 1062 1324 1389 1510 1564 1614 1710 1798 2092 2107 2328 
54 260 290 317 324 336 337 408 1071 
55 283 305 355 466 532 650 917 1034 1533 1714 2471 
56 1137 1138 1219 1295 
57 58 59 60 156 2631 2632 
61 120 1267 1517 2110 2284 
63 170 875 1012 1023 1305 1351 1981 1990 2046 2609 
66 647 859 2542 2543 
68 99 865 937 979 1143 1630 
69 81 86 90 637 
71 72 188 744 1146 1250 1673 1898 
73 74 162 183 242 304 306 356 564 686 884 1113 1115 1116 1117 1408 1858 1859 1860 1862 2006 2043 2161 2162 2237 2240 2349 2416 2457 2527 
75 83 108 133 557 
76 146 220 272 378 2035 
77 227 994 1734 1776 1908 
78 652 831 912 1310 1403 1679 1774 1985 1998 2154 2453 
79 944 984 988 1024 1838 1839 1842 1843 1846 
80 101 104 113 124 144 148 219 293 660 879 1726 2629 
82 85 197 624 1286 1871 2382 2454 2579 
84 221 759 760 1718 
87 225 819 1038 1072 1341 1638 1952 1989 1992 2010 
88 119 184 325 438 676 860 1204 1419 1456 1483 1500 1541 1602 1607 2037 2165 2187 2482 2592 
91 371 797 864 954 1015 1806 2189 
92 96 182 191 593 707 745 746 752 920 1074 1377 1840 1844 1891 1893 1896 2060 2062 2139 2172 2226 2504 2572 2605 
92 697 921 1075 1243 1282 1285 1737 2047 2439 
95 122 198 330 384 482 687 702 927 1032 1242 1355 1729 1786 1814 1829 1876 1936 1999 2071 2098 2099 2108 2242 2472 2477 2531 
97 136 138 227 257 263 329 471 594 784 785 830 986 989 1578 1875 2042 2238 2276 2277 2281 2325 2368 2608 
98 225 277 369 467 878 895 911 1644 1766 
103 105 106 107 109 110 
111 545 561 614 648 653 657 748 1243 2628 
112 454 591 613 884 1083 1407 1649 1802 1911 2222 2330 2459 
115 370 681 755 766 772 844 863 919 987 1402 1558 1740 1762 1765 1895 1905 2038 2109 2232 2419 2642 
116 320 349 433 503 691 708 794 1014 1328 
119 493 499 1518 1943 
121 139 1250 1355 1421 1458 1675 1676 1682 1936 2098 2099 2113 2209 
125 165 201 404 439 673 800 931 1164 1687 1873 1884 2246 2470 
126 127 249 418 422 849 850 851 852 855 856 857 867 1312 1313 
128 192 205 266 414 459 468 539 620 634 829 918 1040 1241 1388 1534 1588 1589 1592 1594 1637 1706 1804 1913 2163 2329 2552 
130 131 1151 1167 1169 1170 1171 1172 1373 
132 186 256 672 858 1002 1005 1043 1086 1694 1827 
134 512 588 691 1251 1289 1296 1303 1715 1785 2003 2015 2103 2478 2559 
135 142 301 302 477 481 2337 2550 2558 
137 1041 1226 1723 2072 
140 1725 1825 2059 2192 2283 2403 2417 
143 189 526 530 928 1233 1234 2404 2469 
145 1126 1156 1166 1175 1176 1196 1493 1606 1794 2197 
149 733 762 767 1494 1591 
150 173 383 463 866 1174 1357 1393 1653 1771 1817 1820 1821 2396 2410 2567 2635 2637 
152 323 848 2009 2571 2577 
153 292 1019 2546 2547 
155 215 216 217 218 2135 2413 
157 175 176 177 204 209 1743 
158 159 160 161 164 377 1078 1269 1406 1451 1456 
166 178 2019 2021 2022 
168 518 801 2171 2459 
169 364 442 465 1288 1386 1625 1738 2111 2136 2137 2305 2481 2641 2650 
171 174 435 1009 1671 1746 2645 
172 846 958 992 2160 
179 180 876 1654 1657 1662 1666 1683 1685 1690 1691 
181 294 322 398 812 894 971 1315 1524 1636 1810 1980 2048 2124 2338 2379 2536 
185 208 522 667 1845 2372 2412 
190 206 683 1773 1931 2539 
194 198 455 554 938 1047 1412 1650 1731 2054 2119 2241 
195 1852 1966 1970 2134 2266 2373 2564 2566 
196 615 1195 1203 1912 2621 
200 389 525 531 608 617 823 913 1006 1064 1076 1350 1372 1412 1423 1455 1623 1853 1909 2177 2538 2582 2589 
202 312 1139 1375 1376 1707 2647 
203 391 1287 1380 1578 2638 
206 289 1719 2179 2181 2299 2476 2618 
207 780 781 782 1106 
210 262 300 321 474 494 558 559 582 807 946 983 996 999 1108 1109 1311 1502 1547 1627 2095 2173 2174 2175 2286 2606 2607 2611 2643 
211 245 246 338 380 1900 1909 2191 2339 2391 
212 284 1070 1568 1755 1944 2352 
213 1066 1067 1068 1069 1961 1962 1963 2023 2024 2555 2556 
214 229 230 315 374 1133 1932 1938 1950 
214 312 562 653 868 954 1015 1087 1139 1186 1249 1707 1741 1790 1806 2430 2484 2544 2548 2647 
226 445 589 598 835 995 1048 1049 1050 1092 1430 1458 2648 
228 248 362 385 551 753 817 828 1145 1148 1209 1559 1569 1994 2081 2188 2574 
231 671 1413 1574 1786 1788 1789 
231 363 409 545 639 818 1147 1278 1333 1442 2426 2427 2474 
235 457 805 1420 1680 2016 
236 497 500 887 1634 1872 1939 2148 2201 2348 2375 
237 271 273 274 275 
238 239 388 1237 2084 2235 2588 
240 470 610 732 756 932 966 1003 1013 1056 1142 1165 1335 1400 1472 1505 1521 1612 1675 1676 1682 1730 1811 2002 2113 2346 2351 2429 2440 2626 
243 975 1007 1094 1291 1527 1528 1601 1713 1954 1955 2001 2020 2085 2130 2153 2323 
250 282 981 1008 1186 
251 252 281 319 410 541 666 905 906 908 909 1332 1641 2301 
251 541 586 1342 1522 1816 2202 2274 2629 
252 908 909 2522 2523 2565 
253 335 397 663 773 776 870 966 976 1224 1225 2123 
254 350 351 352 353 390 436 633 1525 
258 902 997 1157 1586 1708 
258 447 2133 2297 2475 
259 731 1504 1507 2362 2366 2377 2378 2604 
261 387 475 1122 1410 1933 
265 268 341 343 344 359 375 381 382 612 771 890 1213 1511 1573 1672 1832 1901 2074 2129 2239 2482 2573 2597 
267 342 564 970 1738 1791 2216 
269 646 1180 1181 1182 1183 1184 
276 297 472 795 889 1107 
278 572 575 649 791 
279 357 440 511 517 
280 814 820 899 1120 1293 1509 1641 2101 
288 690 1551 2214 2273 2275 
291 1101 1103 1339 1561 1885 2176 2520 
294 296 299 331 425 478 
295 396 405 501 2167 2333 
298 695 1306 1879 2011 2424 2425 
301 302 428 734 735 891 1033 1065 1077 1320 1555 1670 1719 1722 1828 1830 1882 1917 1956 1957 2064 2075 2190 2310 2334 2343 2528 2580 
304 306 318 319 335 625 626 627 783 976 1224 1225 1236 1238 1265 1340 
305 462 608 644 799 806 1020 1152 1153 1211 1575 1590 2220 2272 2374 2397 2491 2492 2600 2630 2634 
307 308 309 310 311 
313 495 624 756 1003 2351 
314 596 677 763 1022 
326 736 737 889 1459 1800 2239 2336 
332 437 621 1119 1863 
334 1027 1454 1462 1836 2382 2402 
339 1127 1128 1129 1131 2186 
340 346 347 584 827 847 1098 1514 1803 1841 1887 1889 1892 1894 2250 
354 415 498 1337 1551 1792 2004 2209 2445 2585 2595 
358 453 456 786 957 
360 519 533 1325 1329 1331 1443 1712 1721 1724 1995 
361 372 990 1030 1280 
366 764 883 1080 1134 1336 1338 1415 1443 1793 2501 
367 549 934 1227 1326 1770 1787 1867 1942 2012 2166 2262 
386 1565 1928 2030 2489 
392 567 1736 2235 2384 2385 2392 2399 
393 993 1114 1299 1378 1808 2526 2610 
394 664 826 1426 2532 
395 578 1201 1469 1567 1628 1870 2159 2218 2369 2615 2616 2620 
399 411 421 424 429 430 1991 2005 
402 2249 2278 2279 2280 
403 406 1099 1663 1684 2114 
407 409 485 486 487 973 978 1297 1345 1549 1571 2415 
412 460 1123 1124 2560 2562 
416 417 419 420 464 
423 935 1042 1593 1599 2100 
427 568 925 1775 2312 2554 
431 432 434 1577 1958 
443 444 445 446 550 556 571 
448 658 1073 1277 1300 1496 1973 
451 534 577 643 710 711 
461 500 901 963 971 1075 1263 1265 1327 1330 1340 1352 1536 1537 1538 1539 1552 1553 1632 1702 1763 2144 2145 2148 2247 2530 2534 2628 
465 466 1288 1386 2641 
472 518 704 768 838 1079 1226 1235 1432 1851 
476 2426 2427 2585 2587 
478 1029 1368 1748 1951 2181 
480 816 845 892 1218 2307 
483 2034 2083 2200 2309 2517 2518 2540 2541 
485 486 487 973 978 1345 2415 
488 808 877 945 953 955 956 967 969 980 1031 1088 1554 1563 2534 
489 1159 1160 1308 1392 1404 1645 1652 1709 1849 1906 2055 2106 2132 
490 661 1354 1356 1647 1648 1677 
492 1488 1867 1942 2455 2456 
494 558 559 807 1857 
496 1151 1167 1169 1171 1172 1966 2619 
502 547 1187 1188 1189 1190 1191 1192 1193 1194 1470 
504 505 506 507 508 509 573 933 968 1096 1367 1489 1954 1955 2195 2570 
510 1387 1394 1603 1604 
520 521 595 936 1155 1385 1769 2234 2236 
523 524 685 757 777 
533 991 1712 2211 2213 
535 651 665 680 706 725 750 751 796 802 803 923 959 2133 
536 552 1805 2138 2253 2624 
540 881 882 948 949 962 1035 1036 1105 2519 
548 569 809 893 2180 2193 
549 854 1097 1982 2487 
560 563 675 2348 2375 
565 1382 2328 2533 2535 
566 1760 1761 1831 1833 2104 2108 
570 1816 2141 2302 2640 
576 804 1275 1897 1949 2093 
585 656 1279 1357 1359 
587 708 709 754 778 1333 
602 622 630 631 2602 
603 604 605 606 607 609 611 
616 1325 1329 1331 1336 1721 1995 2431 
619 815 833 835 836 840 1228 1229 
623 668 669 670 689 694 2553 
625 626 627 783 943 1149 1154 1236 1238 1283 1348 1581 1582 1587 1656 1678 1686 2569 2584 2646 2648 
628 632 729 730 1270 1271 1272 1273 1274 2105 
630 631 1088 1818 1819 
635 636 862 1674 1837 
640 641 642 1100 1316 1317 1318 1767 2458 
674 819 888 1252 1572 2224 2469 
678 679 841 1465 1466 1728 2355 2557 
682 688 758 940 1711 1861 
684 1486 1487 1508 2120 2121 2122 2183 
696 698 700 701 703 705 712 713 715 716 717 718 719 720 721 722 723 724 726 727 738 739 740 741 742 743 747 749 
744 761 770 1436 1464 1513 2094 2617 2639 
774 775 1437 1438 1439 1441 
779 1240 1245 1520 1796 2168 2376 2452 
787 788 2087 2088 2303 
789 790 792 2068 2070 
790 1294 1343 1874 2027 2219 2398 2569 
825 826 1203 1516 1996 
832 837 843 1799 1800 1801 
843 914 1159 1754 2438 
853 904 1390 1704 2146 
869 1550 1688 1823 1916 1997 2045 2164 
874 1490 1503 1506 1616 1617 1618 1696 1697 1698 1699 1700 1701 1705 1780 1781 
880 972 1037 1202 1268 1457 1460 1484 1631 1742 1822 2486 2581 
883 1018 1384 1416 1695 1812 2215 2353 2354 
896 1004 1011 1091 1463 1658 
902 1157 1586 1708 2196 2561 
903 1232 1314 1323 1381 1414 1531 2065 2066 
907 1056 1062 1118 1389 1400 2107 2473 2626 
915 1017 1021 1025 1026 1089 1090 1093 1720 1733 1739 1855 1914 2182 
926 1735 2007 2008 2069 2365 
939 1411 1540 1544 2380 
963 1263 1327 1536 1537 1538 1539 1548 1552 1553 1632 1702 1763 2525 2557 
982 1751 1871 1899 1934 2311 2524 2529 2551 2614 
985 1266 1418 1953 2625 
998 1000 1651 1655 1659 1664 
1010 1978 2230 2233 2335 
1028 1369 1600 1665 2586 
1052 1756 1757 1758 1759 1764 
1054 1055 1778 1946 1959 1965 2102 
1057 1058 1059 1060 1061 
1111 1692 1866 2381 2383 2387 
1112 1826 2033 2036 2248 
1125 1349 1562 1624 1689 
1135 1136 1344 1346 1347 
1140 1141 1444 1445 1448 1940 2198 
1158 1847 1848 1850 1886 
1162 1422 1450 1556 1660 1937 
1173 1174 1864 1927 1948 
1178 1179 1187 1191 1193 1197 1198 1208 1212 1244 1247 1248 2476 
1185 1220 1222 1223 2450 2451 
1197 1198 1230 1244 1253 
1214 1215 1216 2418 2428 
1254 1255 1256 1257 1258 1259 1260 1261 1262 
1264 1467 1468 2039 2040 2041 2199 
1276 1281 1282 1284 1285 1335 2439 2442 2443 
1292 1512 1613 1986 2025 2089 2115 2598 
1301 1304 1501 1535 1596 1904 2304 2479 
1309 1515 1717 1784 1795 1993 
1319 1919 1922 1926 2051 
1322 1532 1807 2026 2028 2228 2545 
1353 1478 2013 2296 2326 
1360 1361 1366 1626 1668 
1364 1745 1749 1752 1753 
1365 2406 2407 2408 2436 
1371 1396 1398 1473 1474 1476 1491 1492 1495 1497 1499 
1424 1425 1475 1481 1523 1529 1530 1643 1824 
1428 1429 1433 1435 1498 1750 
1431 1446 1449 1485 1546 1576 1584 
1432 1434 1452 1968 1972 1977 
1461 1619 1620 1777 1947 2014 
1519 1526 1545 1608 2057 2058 2090 2282 2308 2490 2601 2603 
1560 1580 1585 1635 1693 
1597 1598 2050 2358 2361 
1609 1629 1633 1642 1646 1890 1941 2292 2389 2390 2394 2395 
1614 1999 2067 2071 2539 
1622 1939 2032 2207 2477 
1629 1633 1642 1646 2389 2390 2394 2395 
1809 2091 2194 2287 2386 2388 
1856 1964 2096 2353 2354 
1865 1921 1923 1924 1925 
1887 1888 1889 1892 1894 
1915 2044 2169 2441 2444 2446 
1930 2049 2052 2061 2063 2073 2599 
1935 2221 2223 2225 2227 2229 2231 
1976 2140 2409 2480 2636 
2076 2077 2078 2079 2080 
2082 2125 2185 2243 2575 2613 
2126 2128 2158 2208 2331 2549 2563 
2142 2143 2149 2150 2151 2244 2245 2289 2290 2291 2293 2294 2295 2313 2315 2318 2320 2321 2340 2341 
2173 2174 2175 2606 2607 2611 2643 
2203 2204 2205 2206 2210 
2251 2252 2254 2255 2258 2259 2260 2261 2263 2264 2265 2268 2270 2271 2306 2345 2357 2359 2360 2364 2447 
2314 2316 2317 2319 2324 
2420 2421 2422 2423 2448 
2460 2461 2462 2463 2464 2465 2466 2467 2468 
2493 2495 2496 2497 2498 2499 2500 2502 2503 2505 2506 2507 2508 2509 2510 2511 2512 2513 2514 2515 2516 2521 2593 2594 2596 
