1 1801 2002 2172 
1 1139 1142 1228 
2 83 332 571 572 599 1115 1935 
3 538 855 1137 1138 1997 1999 2020 2358 2441 
4 233 637 808 2389 
5 717 996 1390 1460 1461 1543 1748 1816 
6 764 899 918 1006 2391 2442 
7 79 2022 2351 2392 
8 9 221 2072 
10 594 695 1309 1871 2130 
11 104 250 857 866 867 1033 1128 1200 1352 
11 750 1860 2352 
12 947 1160 1226 1457 1587 2196 2197 
13 690 819 1220 1312 1744 
14 246 847 1291 
15 330 725 726 727 2009 
16 536 602 1230 
17 1093 1601 2372 
18 466 1777 1787 
19 21 22 315 
20 99 1372 2400 
23 24 262 267 322 323 
25 292 831 860 1263 
26 58 1148 1153 1158 1210 1315 1629 
27 89 473 564 721 1850 
28 421 905 906 1795 1796 
29 507 858 892 1032 1119 1214 1290 1452 1489 1658 1659 1985 2355 
29 169 1367 1459 1658 1659 1669 1780 1917 2107 
30 184 193 195 266 319 344 365 384 1405 1412 1984 2223 2236 
31 830 948 1036 
32 310 729 973 1035 1129 1332 1391 1585 1687 1933 2151 2188 2298 
33 198 944 1165 1218 
34 190 290 930 
35 166 423 453 1334 2115 2256 
36 138 533 771 985 1666 1992 2198 2263 2275 2472 
37 268 1106 1164 1431 
38 78 342 542 1512 
39 167 392 1197 1200 1806 1817 1881 1936 2181 2182 
40 209 257 416 802 1580 1663 2359 
41 794 795 895 
42 765 1681 1913 
42 53 128 874 1213 1321 1916 2297 
43 50 122 123 670 671 2301 
44 45 46 47 48 49 1010 1504 1693 2224 
51 476 530 567 568 742 
52 634 1583 1809 1810 
54 113 185 413 414 415 829 859 946 949 950 951 1333 1799 2259 
55 72 73 1719 2324 2327 2328 2342 
56 1126 1127 1506 1531 
57 1078 1148 1153 1575 2261 2274 2285 2288 2289 2292 2320 2388 
59 1184 1198 1231 1295 
60 577 1289 1419 1429 
61 386 388 389 785 1588 
62 81 131 132 271 478 896 2048 2402 
63 218 1069 2038 
63 189 743 1178 1275 1832 1837 1838 2133 2138 
64 1152 1239 1240 1403 2344 2346 2448 
65 1102 1117 1140 1143 1144 1147 1149 1151 1235 
66 67 68 69 70 71 2136 2408 2411 
74 387 549 750 1180 1202 1356 1403 2049 
75 76 1190 1191 1192 
77 1133 1872 2397 
80 234 313 508 698 782 1096 1111 1118 1464 1532 1597 1932 
82 84 85 1492 2420 2480 
86 1472 1889 2488 
87 484 485 811 814 846 1020 1223 1362 1363 1956 1957 2183 
88 203 902 1413 1414 1870 2209 
90 348 418 422 569 857 
91 471 1081 1545 
92 1261 1462 1538 2484 
93 95 903 1428 1912 2019 2021 2175 
94 247 248 306 309 316 890 900 1408 
96 101 102 120 
97 1885 2109 2194 2225 2345 2410 2413 2416 2418 2477 2481 2496 
98 651 652 653 654 655 656 683 746 748 749 
100 440 443 444 535 1589 1902 
103 247 248 889 901 1045 1389 1451 1833 2018 2042 2272 2344 
105 186 309 336 578 609 736 991 1369 1494 1863 2390 2483 
106 107 108 109 110 111 112 
114 475 701 989 1607 1654 1760 
115 1039 1095 1515 1829 
116 117 704 1244 
118 436 810 1399 1597 2249 2431 2482 
119 202 482 681 2150 
121 767 1569 2281 
124 126 129 505 
125 130 142 596 914 1300 1432 
127 400 401 663 788 994 1185 1187 1278 
133 135 136 137 139 196 439 677 762 763 766 967 995 1181 1608 
134 225 378 718 719 809 1396 1410 1900 2232 2356 2443 2456 
140 440 614 1117 1188 1235 1610 2002 2172 2329 
141 265 488 1375 
143 199 200 201 
144 803 807 810 919 920 2281 
145 528 1305 2247 2257 
146 224 433 694 1354 1359 1652 
147 408 669 706 796 961 1084 1411 1438 1869 2165 
148 149 150 151 152 153 154 155 156 157 158 235 236 237 
159 231 239 537 1281 
160 161 167 230 232 1245 
162 226 346 413 414 415 494 526 963 1074 1323 1430 2083 2241 2471 
163 622 1609 1714 
164 827 1216 1820 
165 747 931 939 940 984 1486 1756 1792 2071 2082 2092 2094 2293 2384 
165 334 338 851 1392 
168 301 993 1503 
169 876 1417 1420 1489 2107 
170 172 458 459 1270 1304 2204 2432 
171 251 632 952 
173 481 487 1778 1874 1949 
174 175 372 380 381 470 551 579 659 2206 2308 2457 2458 
176 540 1243 2203 
177 204 489 582 1599 1617 1674 1770 2054 
178 353 731 1052 
179 182 566 1307 1806 2076 2388 
180 181 192 856 
183 272 273 274 679 752 1131 1441 1476 1899 
187 626 2263 2315 2316 2317 2487 2499 
188 210 1121 2083 
191 754 1880 1882 1883 
193 409 410 411 1848 
194 304 387 623 625 1232 1501 1564 1569 1570 1573 2115 
197 908 1116 1319 1336 1466 1665 1713 1861 1864 2210 
205 245 406 407 615 1011 1208 1303 
206 223 244 293 431 539 585 593 910 2199 
207 212 213 214 215 217 
208 492 504 816 1249 1548 1708 1765 1958 2116 2253 
211 1502 1758 1928 2102 
216 483 616 1581 
219 220 1060 1146 1162 1547 1929 
222 649 1965 2404 
227 974 1680 1681 1803 
227 450 612 1015 1079 1150 1394 1886 1960 1989 2206 2403 2458 
228 336 578 620 684 736 1301 1494 1529 1862 1946 
229 446 447 798 916 1598 1805 1895 2089 2349 2429 
238 1025 1672 2294 
240 464 674 703 1061 
241 502 779 1782 
242 1062 1250 2127 
243 314 340 729 1005 1028 1593 1893 
249 370 373 374 1237 
250 776 866 1533 2159 
252 1236 1316 1327 1328 1715 1907 1908 2084 2394 2439 2467 
253 1145 1618 1679 
254 280 284 285 286 289 559 604 605 621 738 1024 1212 1302 1842 
255 390 519 584 603 1353 1970 
256 580 631 935 1221 
258 329 382 383 1179 1409 1421 
259 260 261 307 
263 1029 1378 1700 
264 305 692 728 799 945 1137 1365 1619 1764 1920 2321 2331 
269 275 437 445 
270 1413 1414 1415 
276 277 278 639 709 710 1087 1199 1246 1716 2000 2306 2398 
279 312 574 592 650 1355 1621 1818 1983 2011 2176 2264 2265 
281 282 283 734 1487 2340 
287 288 291 1858 
287 456 1322 2214 
294 302 375 493 555 558 923 924 925 1456 1479 2049 2336 
295 404 500 879 
296 297 298 300 320 324 325 326 525 
299 503 1647 2226 2275 2283 2287 2367 
303 333 369 457 570 1427 2033 2068 
304 439 496 563 677 682 991 1376 1587 1592 1879 2030 2103 2164 2465 
308 327 328 529 531 532 552 553 554 707 832 1057 1156 
311 678 680 685 699 1282 1366 1441 1451 1669 1779 2361 
317 318 1463 2077 2088 2227 
321 349 350 366 467 1558 1574 1579 1813 
331 455 456 693 861 
335 399 479 480 506 1073 2440 2511 
337 385 391 745 1827 1937 
339 341 345 1655 
343 785 1324 1458 1496 1798 2199 2345 2360 
346 379 1615 2019 2021 2106 2120 
347 1919 2489 2490 
351 352 675 2417 2461 
354 1329 1330 2128 
355 635 1086 1297 1376 1416 1418 1634 1822 1888 2267 2268 2273 
356 449 546 697 711 781 943 1335 1423 1491 1606 1628 1918 2098 2323 
357 1341 1752 2004 
358 359 360 361 1356 1533 1534 
362 448 451 787 1167 1174 
363 1263 1627 2069 2174 2187 2310 2500 
364 468 657 1047 1050 1166 1248 2079 2119 2125 
367 368 1485 2464 
371 1631 2376 2444 
372 470 1184 1266 2216 
376 430 820 1021 1247 
377 434 1044 1114 1620 
379 713 1287 2173 
393 417 420 660 739 1800 2249 
394 395 454 461 463 770 813 1541 1623 2254 2255 2432 2449 
396 397 661 676 
396 397 442 2134 
398 662 1358 1942 
402 1616 1743 1774 2121 2229 2252 2266 2415 
403 425 426 956 1465 2491 
405 2043 2217 2386 
409 410 411 432 1296 2313 
412 1788 1884 2122 
418 419 422 438 1819 2123 2124 2297 2473 
423 1161 2154 2155 2211 2212 
424 664 673 872 
427 534 1811 1812 
428 429 435 2426 
438 667 783 1875 1877 
441 2192 2193 2195 
443 444 678 2114 2477 2481 
452 1982 1990 2200 
460 672 730 875 907 1351 1718 2166 2250 2251 
460 1534 2100 2250 2251 
462 1041 1042 1141 
464 491 495 624 1626 1627 
465 1092 1857 2140 
469 1068 1075 1630 1802 2300 2318 
472 1040 1063 1501 2104 2262 2296 
473 668 966 1205 1225 1406 1646 2430 2479 
474 1508 1509 1510 1513 
477 696 2126 2277 2278 2469 
486 666 1386 1495 2108 
490 1122 1123 1388 1867 
497 498 499 576 595 597 1868 1871 
501 509 510 511 514 515 1077 2132 
508 523 701 881 1704 
512 513 516 518 
517 521 522 927 928 
520 1004 1222 1853 1856 1986 
524 581 801 2169 
527 1348 1387 1528 1591 1717 1953 2322 
536 780 1065 1493 1536 1622 1751 1828 1962 
541 2010 2012 2017 2050 
543 1032 1134 1241 
544 658 753 1048 
545 613 1055 2295 
547 1516 1517 1518 1519 1520 1521 1522 1523 1524 1525 1526 1527 
548 636 687 1401 
550 1182 1193 2014 2015 
556 557 619 744 
560 686 1262 2371 2412 
561 562 1759 2034 2035 2149 2186 
565 611 1896 1897 1906 2013 2016 
571 572 599 2405 2463 
573 965 1264 1265 
575 1350 1559 1768 2003 2007 2185 2260 2378 
583 1173 1824 1826 2475 
586 594 695 1309 1393 
587 588 589 590 
591 818 1132 1582 
598 1712 1786 1873 1966 2187 
600 601 608 1905 2053 
606 929 932 934 936 937 938 1551 1552 
607 757 758 759 760 769 778 784 786 790 791 792 1361 
607 757 758 759 760 769 778 784 790 791 792 808 1624 2000 
610 852 886 1478 
617 722 870 871 1404 
618 737 797 1027 
627 628 629 630 
633 1557 1662 1664 1790 1791 2073 2161 
638 1540 1735 1736 1737 1738 1742 
640 641 862 863 873 1046 1306 2023 
642 714 1363 2338 
643 865 1613 1614 2347 
644 645 646 647 
648 1049 1422 1661 2029 2031 2063 2152 
665 724 1157 1163 1175 
682 1089 1103 1602 1807 
688 986 1138 1171 1386 
689 864 1224 1357 1668 1720 
691 828 1219 1619 1925 2271 
700 1407 1749 2081 
702 2279 2305 2455 
705 815 942 1039 1331 1821 1915 1975 2246 2419 2427 2431 
708 1433 1434 1444 1445 1898 
712 713 1927 1955 1968 1969 1971 1972 1973 1974 
715 716 755 761 775 848 1083 
720 964 969 970 1847 1849 
723 817 946 951 1085 1136 1176 1373 
732 917 933 1539 
733 1268 1577 1643 1645 1648 1851 1961 1963 2168 2280 2300 
735 756 888 1337 1537 1830 
739 1051 1053 1345 
740 741 968 1242 1865 
745 1560 1561 2189 
751 1107 1183 2462 
768 915 1104 1105 1314 1544 
772 774 839 840 841 868 869 893 894 
773 1031 1186 1686 1730 1825 2225 
777 1349 1374 1656 1660 2466 
789 1398 1767 1769 1950 2096 2157 2158 2163 
793 853 1594 1978 1981 1995 
800 1009 1018 1022 1030 2494 
804 805 838 1256 1368 
806 1384 1395 1689 2330 
812 2024 2025 2028 2067 
821 822 823 824 825 826 
833 834 835 836 837 
842 843 844 845 
846 1272 1766 1814 
849 1435 1447 1448 
850 1037 1515 2175 
854 1454 2110 2335 
877 878 926 1259 
880 1467 1651 2006 2131 2208 2303 2304 
882 2141 2142 2143 
883 884 885 1026 
887 1762 1763 2144 
891 944 2189 2445 
897 898 958 959 
904 987 1002 1017 
909 911 912 1344 
913 1711 1797 2064 2080 2118 2184 2190 2191 2348 2379 2382 2422 2428 
921 922 1058 1059 2362 
941 953 954 955 
942 1130 1154 1180 2470 
957 1834 1835 1876 1901 1903 2333 2334 2414 2493 2495 
960 962 981 982 
971 1934 1938 2085 2287 
972 983 1360 1675 
975 976 977 979 2451 
978 1605 1657 1667 1671 1854 1855 
980 992 1007 1076 1400 1709 
988 1542 1945 2001 
990 1023 1227 1364 1951 
997 998 1745 2492 
999 1000 1001 1008 1043 1377 
1003 1189 1194 1283 
1012 1013 1080 1082 1097 1099 1100 1101 1108 1109 1110 
1014 1016 1019 1397 
1031 1090 1091 1104 1105 1399 1780 1952 2018 2026 2027 2065 2085 
1034 1273 1274 1298 1299 1311 1439 1590 
1038 1054 1469 1471 1473 1474 1488 
1051 1053 1317 1345 1347 1502 2101 2332 
1056 1098 1313 1625 1732 1996 
1064 1065 1066 1067 
1070 1071 1072 1088 1944 2421 
1094 1267 1436 1947 1959 2030 2148 
1112 1113 1120 1124 1195 1217 1308 
1125 1450 1505 1511 2215 
1135 1320 1611 2078 
1155 1318 1385 2066 
1158 1210 1315 1836 
1159 1556 1733 1823 
1167 1168 1169 1172 1173 1174 
1170 1279 1694 1695 1696 1698 1699 1701 1702 1705 
1177 2284 2286 2291 
1188 1286 1288 1326 
1196 1991 1993 2145 2497 2498 
1201 1238 1284 1285 
1203 1204 1206 1207 1209 1215 
1211 1578 1603 1650 1673 
1229 1234 2373 2374 2375 
1233 1546 1878 2383 
1251 1252 1293 1310 
1253 1254 1255 1257 1258 1346 
1260 1922 1923 1924 1926 
1269 1276 1277 1280 
1271 1313 1317 1347 1887 
1292 1294 1789 2008 2248 2423 2496 2510 
1325 1747 1750 2057 2070 
1335 1612 2099 2207 
1338 1339 1340 1342 1343 
1367 1437 1566 1739 1746 
1370 1371 1553 1670 
1379 1530 1571 1688 2276 
1380 1381 1382 1383 
1402 1535 1967 2162 2167 2468 
1406 1468 1881 2368 2377 2453 
1424 1425 1426 2399 2454 
1440 1442 1443 1446 1449 
1453 1507 1584 1586 
1455 1549 1572 1600 2409 
1470 1677 1891 1910 2205 
1475 1477 1484 1562 1943 1948 2074 2075 
1480 1481 1482 1483 1497 
1490 1576 1761 1839 1840 1841 
1498 1499 1500 1514 1550 1563 1565 
1554 1555 1567 1568 
1558 1579 1813 2406 
1595 1596 1653 1859 
1604 1734 2129 2156 
1632 1633 1635 1636 1637 1638 1639 1640 1641 1642 
1644 1941 1954 2135 
1649 1904 1914 1930 1931 1994 
1676 1678 1682 1683 1684 1685 1686 1690 1691 1692 1697 1703 1706 1707 1710 
1676 1678 1682 1683 1684 1685 1690 1691 1692 1697 1703 1706 1707 1710 
1721 1722 1724 1725 1726 1727 1728 1729 1911 
1723 1843 2005 2299 2381 
1731 2117 2369 2370 
1740 1741 1804 2244 
1753 1754 1755 1757 1771 1772 1773 1775 1776 
1781 1783 1784 1785 
1793 1808 1890 1892 1894 
1794 1939 1940 2146 2147 2160 2213 
1815 2105 2233 2506 
1831 2111 2112 2113 
1844 1845 1846 1852 
1866 2460 2485 2486 
1909 2385 2446 2447 
1921 2051 2052 2055 
1964 1980 1987 1988 
1976 1977 1979 2041 2093 2137 2326 
1998 2032 2170 2171 
2010 2012 2050 2139 2343 
2036 2037 2039 2040 
2044 2045 2046 2047 
2056 2058 2059 2060 2061 2062 
2086 2087 2090 2091 
2095 2097 2153 2512 
2096 2157 2158 2163 
2177 2178 2179 2180 
2201 2202 2258 2450 2459 
2218 2219 2220 2221 2222 2312 2433 2434 2435 2474 2507 2508 2509 
2228 2230 2231 2240 
2234 2235 2237 2238 2239 2242 2243 2245 
2269 2270 2452 2476 
2282 2290 2302 2307 2309 2311 
2314 2319 2325 2350 2357 2387 2407 2438 2478 
2337 2339 2341 2348 2379 2380 
2353 2354 2393 2395 2396 2401 
2363 2364 2365 2366 
2393 2395 2396 2401 
2424 2425 2436 2437 
2501 2502 2503 2504 2505 
