22
92
30
46
42
11
60
87
19
45
24
22
21
79
69
54
31
27
12
92
60
94
76
25
35
22
25
46
17
66
49
79
40
52
71
49
80
89
15
10
30
74
39
37
53
75
10
30
39
27
98
40
52
22
11
56
79
59
31
12
78
28
50
81
95
83
74
48
86
92
83
73
51
70
64
49
91
39
92
45
79
25
34
58
64
37
15
13
66
99
74
27
62
89
97
57
90
18
82
21
69
92
64
25
44
26
55
58
54
38
36
49
37
23
44
49
29
21
78
22
75
67
98
63
76
18
100
23
81
53
62
52
57
26
62
90
100
44
54
32
57
38
24
62
80
29
83
10
54
22
11
25
70
54
62
20
59
74
55
30
52
22
48
43
73
65
68
33
86
59
18
61
43
88
59
36
84
62
26
92
71
12
94
42
38
82
93
77
28
16
56
10
60
98
80
69
47
70
88
53
75
57
73
47
29
62
49
97
22
38
79
26
97
48
40
30
44
64
76
28
95
14
98
88
90
39
30
18
94
98
21
15
40
71
92
57
24
18
79
88
65
51
25
63
73
87
44
16
57
12
30
51
12
16
91
23
16
25
27
62
44
26
46
28
48
96
19
83
60
13
50
40
86
32
84
93
98
11
11
33
60
28
13
31
64
76
26
24
12
64
25
15
19
94
80
54
87
58
90
17
65
96
64
91
68
68
35
33
21
49
20
18
23
27
61
54
95
84
100
47
44
81
72
42
33
71
27
14
25
53
68
34
61
58
29
73
73
91
96
32
41
76
82
11
19
26
43
22
43
78
14
27
81
80
30
39
17
22
62
43
25
94
83
35
76
33
22
35
75
12
45
81
91
57
95
39
18
24
85
89
99
32
66
87
21
79
29
79
90
98
15
84
63
97
11
87
26
91
51
88
54
22
11
87
96
48
70
52
92
39
63
72
18
98
54
80
14
90
15
60
88
73
52
70
28
76
75
90
29
11
28
84
84
47
43
26
86
21
80
70
38
77
13
43
91
44
80
29
42
17
52
69
29
100
85
41
77
44
35
30
24
22
26
68
36
86
89
70
81
17
44
42
95
56
69
85
74
21
40
67
74
61
77
80
29
43
24
28
92
92
29
78
23
92
58
65
68
77
17
31
93
17
51
11
58
83
92
95
74
87
26
44
91
58
54
91
17
53
47
65
41
50
27
39
49
10
30
13
76
100
47
61
59
61
94
78
84
75
41
57
15
30
45
86
61
95
12
88
16
97
63
91
11
32
50
85
30
10
29
35
35
84
46
81
97
30
89
19
68
38
44
41
19
73
88
41
65
92
15
47
40
51
75
48
52
27
67
12
87
48
45
78
98
36
53
54
30
72
22
51
75
75
58
48
16
11
62
29
64
68
90
61
36
55
77
58
54
67
26
90
51
17
91
84
49
57
27
81
76
53
88
11
66
16
38
58
25
84
67
79
39
33
14
16
99
78
62
72
84
49
60
33
34
38
73
89
66
73
97
36
73
37
93
29
41
54
25
62
57
56
83
61
57
82
19
87
73
84
41
20
30
95
36
96
63
97
70
20
17
93
40
11
40
79
41
51
43
13
64
49
63
90
37
72
10
36
47
76
75
36
92
29
44
12
86
91
64
57
88
13
70
17
83
85
81
46
18
17
54
84
21
86
48
59
100
82
46
13
58
69
31
79
40
44
13
14
67
82
62
68
33
10
20
64
79
54
50
85
21
48
62
100
25
86
37
10
91
96
50
15
10
40
52
83
64
99
88
96
32
72
73
88
84
39
18
41
73
89
50
70
61
83
31
71
26
17
58
95
98
75
96
46
23
68
78
23
64
36
82
86
18
43
33
91
63
52
39
67
34
91
100
64
29
68
39
86
77
64
30
92
22
49
68
34
67
69
32
40
46
85
40
93
77
72
55
34
59
60
56
42
81
51
47
25
26
42
44
79
36
22
81
68
59
47
24
73
82
97
19
100
99
79
47
27
66
49
60
66
61
29
58
84
75
43
85
100
42
27
39
58
40
69
38
65
12
98
44
90
31
59
75
65
46
60
64
89
19
60
87
62
82
65
17
100
70
49
68
80
86
61
74
23
39
89
12
53
67
56
91
89
42
35
36
97
52
58
78
99
92
95
40
79
11
25
82
11
16
53
98
94
58
82
52
87
78
87
29
81
36
50
53
81
72
14
94
67
32
23
58
75
45
49
56
74
44
30
50
14
51
62
14
28
51
31
30
64
23
31
19
35
23
17
98
69
66
58
100
23
75
61
76
17
100
77
56
15
86
30
85
28
27
43
18
25
54
42
76
65
94
16
97
56
96
80
91
79
79
85
66
33
95
40
97
38
42
99
55
55
46
53
68
53
89
84
47
46
79
41
83
10
59
18
96
98
93
89
35
17
65
72
23
46
84
80
21
45
77
81
80
56
98
42
65
17
88
73
29
59
31
72
11
87
70
24
47
51
84
86
59
81
56
94
84
30
37
26
87
59
82
17
70
89
62
18
54
26
88
13
76
34
87
76
24
32
60
27
46
53
80
88
66
95
13
54
73
50
54
91
94
80
96
86
30
98
22
30
11
75
22
56
26
23
62
88
11
42
91
15
45
76
82
44
28
76
74
20
26
59
32
49
10
29
79
77
88
70
77
16
89
95
27
17
81
78
50
34
35
28
97
62
47
66
81
80
15
21
94
84
60
29
70
99
96
12
61
87
65
41
40
91
81
90
72
63
86
68
41
57
75
12
48
66
78
98
76
53
89
45
22
48
86
21
72
99
38
34
11
86
93
74
92
28
65
67
94
91
54
62
45
90
14
78
67
11
76
33
65
72
38
55
99
65
46
75
31
80
98
20
51
63
90
46
45
25
98
52
45
87
13
13
60
77
11
76
26
67
58
28
49
86
32
68
86
58
51
69
42
76
70
65
49
13
80
94
89
38
69
38
78
40
73
71
71
43
41
81
57
44
44
45
32
39
42
97
33
82
33
67
14
25
17
93
53
17
81
14
29
98
36
34
36
25
74
17
93
32
82
32
15
20
52
42
91
45
39
51
72
45
14
29
41
54
96
18
98
53
35
33
54
45
84
63
73
25
34
91
21
68
100
24
47
71
12
71
57
63
92
43
56
17
16
95
18
17
98
30
49
19
42
28
67
19
75
39
25
39
73
81
42
12
80
69
92
86
47
16
97
18
99
74
42
87
51
60
37
32
98
58
48
84
35
56
68
40
10
58
53
49
20
30
69
64
97
79
25
64
81
21
42
36
12
66
75
54
54
62
10
45
68
10
34
56
41
75
60
52
22
41
99
39
87
91
90
83
12
68
65
77
38
51
58
73
11
27
93
89
51
63
31
83
74
81
67
20
74
58
34
90
17
94
21
91
27
49
17
13
96
45
78
18
