21
69
26
92
77
30
96
80
60
61
52
92
19
10
63
34
100
60
11
12
37
100
74
17
60
69
49
69
49
59
17
21
74
85
83
41
29
63
56
38
66
92
25
84
89
21
46
94
96
92
24
92
53
25
10
31
83
34
64
69
95
40
59
87
13
94
53
52
61
53
78
34
89
32
28
56
52
40
41
59
35
96
72
55
100
44
90
66
59
22
72
25
36
16
56
91
61
56
66
53
83
10
51
48
99
16
11
44
95
50
50
99
79
24
88
33
19
76
26
24
47
74
28
56
68
94
25
15
26
10
69
70
40
30
65
54
69
82
10
71
56
72
63
95
17
21
23
41
93
32
96
67
34
61
67
91
25
78
36
30
44
25
19
56
15
17
23
49
53
25
56
75
40
93
73
41
92
54
17
25
71
95
11
74
56
39
43
66
13
76
91
28
99
33
37
22
43
76
100
97
25
59
13
80
60
41
80
87
87
70
95
97
61
12
42
42
18
38
83
19
47
89
85
74
54
21
73
94
42
27
16
86
54
66
93
31
38
100
60
35
70
27
24
12
70
39
83
31
53
40
40
58
58
26
11
67
76
19
73
17
24
49
28
100
97
96
75
34
93
85
19
58
96
79
29
66
33
16
48
30
51
81
50
32
47
80
54
71
35
80
70
100
96
62
47
100
34
99
76
27
49
96
44
35
52
78
65
20
46
24
12
15
63
29
58
58
42
75
100
70
89
85
25
97
12
72
65
87
29
32
55
42
17
46
24
47
85
85
61
89
38
75
64
67
69
36
100
67
54
98
63
43
27
64
55
27
47
81
77
37
44
45
37
15
13
28
53
71
72
61
72
100
29
88
98
64
37
52
37
100
11
65
15
66
80
87
31
15
44
94
74
19
44
94
74
63
45
47
30
98
79
42
34
92
29
57
20
93
29
30
88
74
13
70
54
36
54
92
61
81
97
15
43
10
99
47
98
22
48
20
39
90
73
94
76
86
54
82
12
33
97
29
99
37
83
28
79
12
82
52
23
86
59
48
73
94
92
35
71
24
23
37
71
44
20
67
68
28
37
68
56
47
39
100
39
86
46
43
79
72
60
18
26
41
20
95
61
65
68
34
25
96
93
14
29
31
86
25
33
29
76
38
62
37
95
11
18
83
15
12
38
19
45
31
32
63
92
65
14
91
99
83
87
66
87
48
93
31
48
15
22
21
98
65
19
66
56
90
81
48
15
40
59
23
85
52
81
98
17
65
92
50
65
42
24
75
20
48
66
22
55
79
65
38
26
80
10
30
64
20
90
91
42
42
34
44
78
38
14
79
82
94
15
33
31
74
61
41
84
28
31
79
88
97
25
14
51
79
34
82
99
45
72
76
31
12
43
85
70
48
68
36
36
62
65
94
42
24
49
82
22
73
79
95
19
19
22
65
22
64
73
33
46
16
73
12
86
57
78
25
46
32
90
77
74
68
27
42
87
54
32
57
43
94
26
45
92
82
99
41
40
45
44
48
42
76
44
29
50
88
52
32
58
42
24
57
29
21
13
45
30
99
41
77
55
12
26
97
95
55
24
51
27
23
14
94
64
18
14
54
11
98
47
82
66
43
12
91
97
27
87
71
27
49
30
75
92
12
91
51
92
82
12
36
93
93
78
78
84
53
26
34
92
21
44
74
65
70
88
19
19
79
71
24
56
30
31
79
63
96
