72
51
82
98
78
70
30
85
93
84
36
15
11
50
42
70
39
97
58
22
47
61
29
30
47
12
98
77
75
59
37
55
90
45
18
23
56
24
94
89
70
36
54
47
90
11
33
86
12
26
44
51
71
14
72
50
98
50
16
89
25
99
26
73
21
69
80
21
74
90
85
17
99
28
60
62
16
37
57
61
44
77
59
18
72
73
26
15
33
91
66
70
81
63
64
93
75
33
73
96
21
51
60
94
10
68
65
33
40
24
56
10
73
82
12
10
44
10
32
49
47
50
72
15
37
99
20
76
89
56
11
41
63
69
62
82
28
84
67
56
39
13
86
78
40
54
92
98
60
79
53
19
86
43
30
93
65
88
28
58
18
49
72
51
88
19
59
15
73
11
76
36
16
81
24
22
64
14
33
20
89
58
31
40
79
77
41
33
51
83
54
66
45
41
89
11
74
57
90
29
88
33
89
47
29
94
83
68
77
65
14
23
23
21
37
80
57
87
16
88
58
70
54
62
43
49
65
16
98
54
26
74
18
75
26
84
56
31
56
68
100
39
38
25
38
26
14
62
54
86
47
87
88
93
83
82
14
78
81
49
45
69
13
87
56
76
75
54
97
40
82
64
74
56
33
92
16
31
23
46
79
86
63
92
15
33
88
63
87
53
67
24
87
88
97
19
55
34
48
28
24
99
14
89
35
22
76
52
27
20
16
55
82
99
47
22
97
55
35
56
22
87
20
16
24
64
59
89
49
69
49
21
10
74
14
13
81
56
97
77
54
51
48
41
86
61
21
47
50
26
67
90
17
97
34
20
94
73
35
72
51
97
81
94
33
35
25
33
75
73
89
62
88
91
67
50
29
68
66
63
24
19
52
27
21
15
27
30
31
75
72
90
93
41
59
73
69
39
12
28
41
11
56
95
98
22
47
19
23
56
20
73
100
81
35
84
48
38
91
40
66
41
50
91
23
22
68
36
22
64
26
22
89
57
99
80
68
88
28
78
13
23
51
55
81
99
65
26
35
89
44
43
15
28
90
14
56
37
38
73
49
67
23
59
71
49
41
97
72
70
57
88
22
94
86
21
38
35
13
77
18
94
87
26
33
24
79
97
23
26
47
80
37
35
45
88
13
84
65
43
96
37
10
87
69
93
27
41
32
56
18
92
16
65
20
74
13
71
56
98
47
86
18
47
61
100
65
53
31
16
84
13
31
45
31
29
10
45
76
19
60
35
43
15
59
13
53
98
25
57
75
48
75
57
52
61
17
66
43
86
61
27
100
85
28
71
65
25
55
40
42
48
99
30
45
74
81
64
78
82
54
39
91
83
25
43
47
22
61
80
100
41
45
42
27
67
78
79
81
38
37
13
22
18
30
98
71
30
22
29
23
16
80
89
74
64
25
60
14
23
91
22
32
48
87
79
55
51
76
39
31
15
89
76
30
20
30
39
77
94
90
30
68
88
79
65
56
18
16
28
50
49
72
40
66
53
50
64
100
28
86
15
59
73
37
51
54
44
70
82
26
52
42
74
43
97
46
53
96
78
12
63
74
93
99
21
64
96
40
13
62
75
88
67
34
78
23
49
21
83
44
31
66
17
77
92
30
43
41
97
69
16
46
78
75
55
47
13
80
39
79
36
53
99
78
68
10
72
54
88
24
43
34
30
51
31
45
93
40
13
52
75
11
47
64
97
72
31
87
94
76
96
30
49
68
94
18
95
29
88
74
93
56
90
98
40
40
40
69
14
79
73
63
62
69
33
74
40
63
85
10
40
97
29
91
70
19
49
82
14
46
68
22
72
46
40
36
49
83
95
80
31
61
54
45
21
21
91
31
23
50
47
85
11
96
69
17
32
98
50
72
66
35
60
100
56
84
76
23
16
42
36
15
90
74
31
83
100
98
92
35
50
38
82
96
63
44
62
13
29
29
86
54
52
35
99
66
47
77
88
39
97
60
87
84
18
38
91
55
97
79
60
40
54
38
85
32
68
77
47
17
92
94
70
22
22
96
33
37
59
39
68
55
76
94
20
41
93
53
35
47
62
12
50
54
46
48
65
56
16
66
69
61
33
24
73
25
41
89
96
45
34
49
22
58
16
16
52
90
74
21
50
22
57
31
85
32
36
78
98
57
43
54
77
82
74
11
90
72
77
58
46
19
54
42
18
33
77
57
39
82
58
41
29
78
64
11
29
74
57
34
85
17
31
90
99
12
28
44
36
31
21
63
17
78
70
12
61
46
39
87
23
40
61
24
67
81
39
95
96
43
13
10
28
16
42
49
92
54
17
48
70
78
99
55
47
70
71
43
44
88
45
57
33
89
15
70
56
22
48
50
67
46
30
20
85
27
42
71
91
66
51
30
10
95
11
82
73
16
93
72
64
34
83
20
21
69
10
97
84
73
70
26
58
14
16
58
77
30
17
14
38
67
47
72
29
70
15
18
59
43
57
82
98
67
29
33
33
96
84
97
52
18
64
73
15
79
91
46
86
98
15
27
68
83
32
14
37
82
67
92
24
83
56
87
60
60
23
41
95
12
56
81
38
36
99
58
78
80
72
70
16
38
90
76
38
49
13
22
11
93
46
81
22
71
31
93
25
98
47
20
78
38
29
55
52
94
44
24
93
41
88
53
39
13
50
11
84
89
16
28
47
12
24
39
90
32
89
96
82
63
65
96
92
100
38
23
64
91
59
21
11
83
46
88
68
86
31
81
40
48
49
23
41
88
45
98
75
90
47
23
42
39
47
45
100
49
78
75
83
100
22
16
51
49
58
81
78
57
14
52
57
35
32
20
90
23
97
40
28
86
30
42
84
82
62
21
45
96
83
32
13
11
84
51
71
59
56
43
71
14
45
65
75
92
87
14
72
84
51
97
65
49
36
79
10
93
71
63
55
70
68
90
14
73
39
91
27
46
38
63
40
13
23
77
49
53
26
16
93
55
62
41
53
91
98
47
84
54
46
43
82
17
48
72
88
91
24
99
33
40
42
68
61
41
84
56
92
31
71
36
40
28
90
22
24
66
41
36
39
33
54
18
65
45
37
58
46
42
29
22
44
66
65
47
50
83
27
49
74
64
35
63
10
53
27
78
12
88
57
60
33
18
58
16
54
94
52
59
65
96
93
95
100
62
40
11
87
25
88
15
21
90
39
23
71
33
22
93
74
92
84
18
82
78
35
20
70
99
22
92
39
55
25
92
58
60
69
57
62
34
59
85
74
34
88
11
49
48
41
97
45
12
35
13
67
95
32
67
81
82
48
51
64
64
61
75
40
75
86
96
70
86
84
53
92
23
29
21
18
62
52
64
72
63
21
47
73
62
40
24
18
76
52
43
30
33
76
82
83
46
95
42
19
76
61
41
12
80
40
66
70
71
38
33
91
87
60
39
13
50
16
43
14
13
59
70
19
33
35
75
64
13
29
80
69
72
28
24
55
44
68
55
99
45
49
62
49
19
77
81
56
38
19
65
23
18
82
50
37
32
18
18
85
74
81
26
39
66
66
42
85
46
19
86
11
67
58
22
81
65
80
78
15
96
29
61
80
22
38
67
73
17
71
40
22
94
94
80
96
29
38
55
41
15
96
67
74
22
28
40
44
78
100
45
66
27
97
79
41
51
40
38
20
73
72
21
86
87
64
57
66
43
16
18
58
65
46
12
96
67
37
85
64
81
40
79
15
87
20
83
39
43
13
65
64
71
89
97
45
77
31
51
18
78
54
83
87
51
65
95
70
22
39
18
88
93
21
87
39
69
32
21
12
25
63
55
14
11
98
43
34
12
81
68
43
27
35
22
63
80
83
66
70
27
98
82
61
69
60
65
42
54
22
30
94
26
23
20
33
41
53
92
79
97
57
19
37
59
28
61
35
96
14
90
23
75
17
39
30
21
73
39
10
19
48
92
58
66
89
42
38
60
30
28
43
82
70
99
98
66
81
72
39
34
60
89
77
66
17
42
30
71
86
86
38
35
75
53
21
82
96
49
17
49
73
69
57
87
37
30
23
26
74
17
23
11
53
74
59
53
84
50
92
63
13
33
22
89
79
54
28
18
56
31
44
74
83
89
69
56
68
83
83
97
72
32
17
52
13
32
52
25
92
10
84
21
56
66
40
69
24
73
31
86
87
92
33
42
15
48
27
91
82
11
84
84
53
86
75
93
39
80
40
61
10
70
38
71
45
10
94
43
68
52
60
22
10
55
67
93
25
86
52
44
14
68
25
61
65
27
43
69
72
25
21
42
83
12
79
54
97
53
81
85
91
44
58
47
24
97
50
42
85
73
10
42
54
91
82
14
87
98
46
14
15
58
82
46
91
52
66
88
38
19
95
87
62
97
78
13
61
53
51
55
71
57
22
96
34
86
65
93
85
79
43
43
83
100
29
54
23
77
48
21
66
78
24
39
36
83
64
17
45
15
80
12
45
89
38
67
67
39
53
12
29
21
67
87
94
46
47
45
13
40
49
55
14
74
44
92
71
51
46
18
81
66
31
80
64
28
12
56
75
70
42
35
66
56
63
