45
68
56
69
12
88
41
29
37
65
71
19
69
79
62
51
79
74
79
42
17
29
24
89
64
21
48
61
52
20
86
72
22
45
90
51
72
61
54
42
96
65
46
49
79
84
64
63
90
37
43
99
62
86
51
47
20
79
77
48
62
98
44
39
11
94
53
58
29
52
31
88
38
36
34
37
40
95
81
16
100
49
60
86
66
70
20
66
62
27
66
48
60
23
83
31
95
29
53
41
49
63
54
69
31
36
78
45
79
33
36
93
16
64
29
92
27
42
23
40
97
65
96
56
88
81
91
74
38
80
93
43
63
67
94
63
25
16
37
44
32
56
67
48
79
99
69
45
70
57
46
67
25
98
97
31
80
75
96
28
95
80
52
79
46
98
69
24
70
76
48
63
85
83
14
73
34
67
45
98
12
96
58
32
88
43
93
63
75
82
17
77
85
95
70
57
46
85
25
96
16
15
53
61
98
38
39
91
66
42
95
39
68
18
19
15
46
36
12
75
61
22
56
10
25
66
53
66
13
62
83
32
73
97
84
34
93
27
74
68
79
37
33
22
87
95
74
69
52
60
43
61
82
39
15
10
26
78
70
47
100
42
56
38
36
47
68
53
49
38
23
46
28
36
96
28
40
10
68
42
29
78
27
73
55
24
91
100
51
90
36
19
63
14
10
85
64
14
10
35
17
42
83
45
67
77
71
75
79
84
32
77
86
51
72
57
89
53
11
54
46
79
99
47
27
31
50
63
21
74
92
59
33
23
78
38
62
31
43
89
44
39
62
77
43
96
79
65
71
80
95
34
87
46
42
60
26
28
52
61
57
59
65
24
36
54
75
58
30
31
57
24
65
19
90
41
78
31
98
74
11
73
89
13
32
100
62
67
68
61
94
75
18
56
20
82
38
88
67
41
62
76
78
48
57
98
70
15
37
16
37
80
27
57
44
41
18
49
55
31
82
29
48
45
15
89
28
86
76
81
45
92
71
46
76
14
86
81
27
30
43
99
12
19
90
19
16
22
42
87
59
63
96
41
62
63
39
12
97
74
52
81
14
23
47
50
21
37
96
45
37
60
57
81
91
78
92
70
100
53
16
72
39
27
21
22
41
17
52
41
14
88
70
81
46
56
27
84
43
90
51
14
21
57
20
72
38
28
60
40
92
71
64
34
71
71
71
15
19
80
83
24
98
26
41
94
84
37
100
22
84
85
92
24
15
45
42
62
51
75
83
28
95
21
86
73
98
82
11
45
96
77
85
28
54
64
71
58
57
61
100
89
56
53
75
31
35
66
13
12
72
21
26
86
51
41
17
81
68
91
47
88
71
71
46
36
12
56
66
98
26
64
99
40
41
44
91
82
37
61
98
15
82
41
50
90
12
70
80
100
51
84
10
99
49
44
35
94
39
72
85
20
82
53
49
78
48
50
50
10
35
30
79
45
26
38
95
12
11
95
92
94
72
16
13
13
77
86
93
81
22
92
16
98
13
93
45
100
37
27
85
72
78
76
99
13
12
69
48
80
21
62
68
23
78
13
21
15
10
19
49
65
37
52
96
62
93
61
97
95
21
47
99
18
41
79
39
11
89
36
37
99
37
55
28
84
51
68
58
72
38
86
64
92
71
94
75
86
21
71
83
93
50
35
73
43
89
43
51
28
81
61
38
57
28
26
38
71
79
100
53
50
20
33
71
95
100
68
80
94
99
81
22
94
78
71
62
40
29
63
54
74
47
93
75
95
47
70
27
29
63
83
74
91
99
10
25
12
58
74
90
40
28
78
11
53
46
91
26
47
69
96
97
63
58
58
34
16
58
97
92
80
43
21
81
22
98
88
77
18
13
82
36
63
34
82
80
12
58
39
57
51
59
100
16
13
59
47
68
64
35
91
24
53
16
11
22
91
49
65
24
14
58
56
42
69
50
28
82
41
89
99
58
39
61
82
19
83
53
23
27
13
73
44
99
50
71
80
10
55
55
88
33
46
52
87
25
16
82
51
79
94
49
96
44
22
82
98
17
28
18
94
69
80
64
46
79
36
44
44
60
44
76
42
18
91
25
30
21
40
47
98
65
77
18
76
28
77
12
56
33
10
91
31
94
49
58
59
49
89
21
55
86
48
98
18
53
23
50
80
87
92
70
14
55
68
80
88
28
43
21
24
69
54
54
87
62
13
41
30
78
53
87
90
76
92
27
12
54
11
39
12
42
61
54
53
31
27
83
18
28
58
100
26
44
83
87
86
53
31
93
95
96
97
93
75
31
75
35
10
17
42
21
10
47
38
17
79
78
81
87
23
24
49
20
13
30
34
63
55
25
19
27
29
78
20
93
97
43
25
43
38
95
10
13
45
74
22
98
24
90
97
81
74
21
62
87
58
36
80
81
41
51
65
20
34
11
82
62
39
97
20
53
74
84
32
51
69
66
74
99
92
51
85
64
26
23
72
12
65
60
59
89
76
51
62
79
17
89
25
35
72
29
32
61
54
15
28
47
86
52
13
45
85
51
36
100
34
40
83
10
61
82
46
23
28
36
72
67
27
50
97
70
17
16
38
15
69
46
42
99
80
68
43
31
73
88
27
18
39
38
57
48
74
51
11
31
36
100
44
74
38
31
22
21
91
38
84
44
98
48
65
10
15
62
29
76
92
60
69
88
57
51
17
54
48
98
24
13
60
95
42
88
74
76
64
15
37
22
80
56
77
33
92
19
60
32
43
17
48
46
52
84
65
53
65
18
20
71
46
51
60
53
32
92
43
14
28
35
22
13
75
73
24
66
28
16
79
63
79
32
72
52
82
37
48
27
41
36
60
71
38
61
86
62
64
87
16
33
91
63
92
61
32
14
18
79
96
83
47
45
65
68
59
94
68
81
91
90
19
45
14
94
96
17
28
14
88
98
47
67
59
36
31
99
61
21
47
19
95
91
51
37
46
76
13
68
16
57
22
82
50
85
18
95
90
87
74
66
86
81
40
92
33
96
33
85
98
13
55
29
76
47
19
56
49
41
54
62
59
88
69
35
19
87
42
34
66
42
67
73
12
48
16
64
47
91
23
56
24
56
46
92
76
12
14
25
48
20
61
30
20
61
97
11
86
44
15
38
65
79
45
75
15
77
62
53
66
21
96
34
10
72
13
65
92
10
23
14
55
86
19
65
28
54
14
69
21
51
68
91
99
74
91
65
88
15
89
10
22
64
30
64
71
14
100
52
83
28
76
82
29
24
34
28
21
76
83
35
32
35
20
47
98
94
49
71
92
12
75
72
82
25
86
75
78
41
33
22
76
36
31
26
99
96
94
61
100
37
65
79
23
93
87
76
73
92
53
18
78
50
54
45
53
65
64
48
12
76
78
26
46
89
12
19
56
66
78
48
73
92
45
96
53
67
29
20
70
95
80
42
10
51
56
38
14
70
44
95
30
33
74
65
54
39
54
36
54
40
62
36
20
29
28
62
38
31
86
96
47
10
20
84
29
43
45
47
99
81
74
56
63
36
73
20
40
62
67
92
68
44
79
90
34
32
36
11
70
82
70
85
52
27
73
91
63
60
23
21
40
72
12
17
15
49
63
34
94
49
31
46
100
13
14
94
45
90
11
58
17
59
71
72
83
57
69
68
39
65
59
19
27
64
98
53
99
85
48
96
32
65
39
24
51
95
80
10
41
84
77
100
17
11
91
34
93
20
49
72
22
41
65
39
47
77
62
82
63
32
28
43
99
56
96
40
87
42
16
16
17
94
64
85
73
92
76
51
34
81
63
40
56
23
35
89
74
69
89
29
96
85
86
73
23
55
92
89
91
90
83
70
54
99
90
79
11
11
27
54
31
84
37
38
39
91
50
78
79
46
53
32
57
12
72
82
91
63
93
46
79
89
56
85
100
88
65
50
99
90
28
80
88
51
99
91
51
46
85
19
94
15
22
79
66
88
49
62
84
59
50
66
48
81
66
77
20
91
63
96
41
21
48
47
50
87
52
15
57
57
72
32
62
81
92
55
11
43
81
82
17
87
19
96
63
94
59
93
42
68
20
14
17
85
11
27
51
96
44
71
14
39
90
72
97
78
83
100
55
39
27
33
75
65
19
43
84
18
61
67
52
32
13
94
54
39
45
29
89
81
53
53
15
21
46
41
82
68
10
13
62
98
89
23
60
90
73
72
82
88
52
25
50
72
11
11
28
59
27
24
59
71
24
35
53
25
11
88
38
55
83
43
33
31
69
26
61
62
70
75
12
49
63
78
92
15
69
61
16
78
74
91
95
24
23
50
28
86
18
93
32
45
63
88
15
76
47
18
84
30
50
95
53
97
91
41
98
36
92
98
92
92
82
32
30
41
78
47
82
35
64
42
53
37
43
41
21
72
55
24
29
100
31
79
100
30
64
71
62
53
79
85
99
46
70
60
43
20
87
32
77
19
24
85
16
89
92
34
15
47
56
30
90
92
60
38
47
24
74
50
28
69
21
19
11
99
74
21
45
20
60
37
14
77
36
45
19
45
25
67
18
57
17
26
81
34
25
91
44
72
46
29
26
19
14
71
22
19
25
39
52
59
53
88
53
60
14
28
15
50
36
50
68
52
69
27
83
31
94
26
59
22
75
32
69
72
45
16
54
45
47
23
99
67
61
88
43
71
89
100
76
86
57
16
97
17
81
51
92
49
60
76
25
97
41
68
62
54
53
26
49
46
73
17
64
48
60
87
17
68
53
31
61
78
96
88
99
81
23
50
65
43
19
94
57
15
59
47
34
37
93
58
34
19
70
79
90
84
16
66
63
63
79
21
48
93
87
11
83
47
43
67
70
45
93
85
83
68
62
29
67
97
53
56
30
98
10
76
13
39
84
69
39
67
83
42
36
63
24
68
13
71
100
46
21
73
13
69
93
13
43
24
51
90
56
66
43
17
84
14
31
31
38
53
10
46
69
12
84
43
20
36
100
56
90
12
95
26
27
22
44
96
92
93
38
48
99
71
45
46
39
63
40
98
44
45
45
72
22
17
39
50
61
87
54
13
83
78
65
36
97
27
65
78
21
79
26
63
34
76
15
13
40
24
18
10
58
34
99
85
36
73
53
68
63
73
36
79
94
46
57
96
52
20
67
98
17
78
69
86
52
96
86
95
62
39
26
75
77
72
100
47
22
78
15
91
49
52
87
34
26
73
23
89
83
70
23
26
59
30
14
85
94
40
52
40
52
49
27
10
75
43
21
80
60
40
97
80
87
35
48
10
26
18
57
77
24
48
80
41
91
76
94
100
38
12
43
79
18
79
79
81
26
98
15
78
55
52
92
42
73
92
47
62
22
96
70
43
46
49
32
97
10
33
58
86
29
84
14
45
86
37
78
78
38
39
83
84
69
53
62
48
47
51
13
44
88
90
95
40
79
15
56
48
20
12
25
51
42
18
49
10
55
83
56
99
82
12
38
60
87
14
15
85
71
16
44
39
40
71
15
52
30
60
10
63
97
28
25
24
65
64
71
46
51
72
91
38
96
65
17
65
98
100
75
47
45
39
66
33
73
85
12
73
27
21
93
65
26
56
63
47
41
16
70
38
78
81
21
39
98
17
10
53
69
64
11
77
11
48
17
18
36
47
84
42
46
59
93
20
66
21
50
53
20
42
67
25
57
68
59
25
80
94
52
77
52
19
33
50
35
