54
58
71
93
16
95
60
86
65
85
10
60
37
68
50
19
29
28
17
65
39
18
85
96
27
53
83
42
93
66
15
88
56
25
97
94
98
83
38
34
67
23
41
24
29
76
16
11
82
44
11
94
14
62
49
84
30
23
89
46
42
72
91
70
74
13
20
87
54
35
33
62
53
48
39
49
36
59
39
16
43
88
41
44
73
83
19
15
63
89
20
90
25
90
96
93
21
78
84
31
54
72
78
13
28
51
50
38
45
19
46
36
87
97
12
49
73
18
45
99
10
100
94
78
75
21
68
78
94
62
39
74
24
18
54
62
78
36
68
66
40
71
42
56
25
39
36
54
95
25
46
49
24
20
48
40
99
44
36
88
97
53
18
54
67
37
85
90
21
42
55
87
21
72
61
91
58
56
64
100
50
87
22
40
21
23
42
31
95
76
79
47
67
49
17
93
26
43
36
39
59
99
55
16
43
55
11
67
48
67
22
73
65
99
50
90
28
18
32
43
56
76
52
85
91
80
36
86
83
69
29
26
48
86
65
42
80
90
31
16
60
69
75
61
79
10
44
35
37
79
64
62
72
41
63
40
25
84
85
56
75
60
22
39
61
73
84
29
60
66
20
88
71
75
96
59
38
47
71
83
71
89
13
20
82
24
71
93
18
79
74
23
13
51
38
77
68
32
56
20
94
40
83
71
48
32
41
53
44
40
21
43
47
13
23
33
70
18
95
88
38
61
31
52
31
73
11
48
58
52
59
91
60
62
77
84
97
47
73
88
83
37
20
69
10
66
86
14
50
21
99
73
10
26
87
90
20
60
12
30
87
99
55
75
67
49
41
26
63
73
15
71
43
32
75
75
35
45
87
33
22
29
25
38
32
85
52
22
82
39
34
49
63
60
23
92
36
59
77
11
62
16
52
21
82
60
10
21
71
97
79
51
64
29
94
20
55
81
33
76
13
56
18
32
41
42
11
89
43
67
74
59
62
29
61
34
32
68
70
49
84
24
36
67
13
93
57
78
87
14
89
91
40
95
53
50
56
79
45
15
14
12
44
31
100
92
27
36
77
45
98
43
29
49
22
70
62
79
82
13
75
61
61
65
79
35
26
82
24
67
31
45
34
89
36
20
64
88
79
17
49
49
12
38
49
48
25
100
24
54
80
52
11
25
44
71
25
59
70
36
17
78
92
69
72
47
60
17
72
57
56
22
37
26
84
99
24
90
16
84
90
58
80
60
82
70
70
63
97
75
36
37
71
75
46
12
62
82
14
45
74
93
68
36
14
89
75
38
95
84
25
93
49
78
82
37
63
19
54
17
35
15
100
97
64
86
13
84
11
48
19
12
40
33
73
92
60
89
99
28
96
89
74
97
29
20
57
43
60
89
36
95
83
83
93
82
28
96
34
11
54
53
45
15
34
11
84
16
88
63
96
67
50
87
56
46
45
63
16
21
48
82
19
71
57
24
84
96
18
79
44
14
94
95
21
37
65
42
23
20
86
16
63
83
59
79
58
58
95
18
83
100
21
71
45
50
87
28
86
20
42
89
78
82
11
90
52
49
39
79
13
61
63
69
73
30
75
47
70
41
36
73
56
93
44
71
50
20
37
79
89
69
62
89
37
91
90
95
48
15
47
94
87
51
56
22
83
61
92
46
48
82
24
91
10
35
80
11
16
58
22
97
94
93
71
20
59
82
34
97
26
60
69
15
94
64
95
84
10
65
13
10
26
70
79
35
58
42
93
78
32
29
25
81
87
58
27
78
57
42
40
88
74
72
29
49
92
78
54
66
51
67
63
96
100
59
26
58
28
33
80
13
55
100
96
84
67
66
37
50
77
44
86
79
81
66
69
43
89
25
85
27
78
18
48
98
42
23
27
85
41
43
64
84
20
98
88
75
53
30
40
34
48
20
19
83
22
95
42
58
45
43
54
34
50
93
64
65
32
90
10
92
84
12
96
64
37
77
86
28
74
55
94
28
27
84
26
17
97
91
83
95
82
87
17
76
35
65
66
99
95
11
52
96
78
84
77
47
64
87
64
58
64
88
13
80
35
84
39
48
46
95
71
20
92
49
92
38
28
45
77
63
86
50
94
49
11
32
22
49
79
61
17
30
81
76
99
31
93
96
52
12
59
90
40
45
24
25
100
44
13
58
78
80
93
55
88
87
52
99
49
55
90
33
63
19
39
63
75
81
35
100
36
10
64
30
44
64
62
24
40
64
95
42
50
40
88
88
40
55
62
24
91
33
78
41
42
42
85
78
51
84
13
59
52
43
16
94
25
46
17
39
58
22
94
63
38
97
72
73
55
16
18
42
58
45
63
24
86
28
18
34
98
41
49
14
40
68
10
81
55
33
37
78
92
46
17
83
36
24
59
16
77
60
88
24
92
28
84
84
80
24
25
17
23
55
79
76
83
14
49
73
17
49
61
52
41
48
50
37
14
71
58
30
19
84
77
95
38
72
59
94
79
68
64
89
65
40
23
32
62
54
83
71
53
36
27
35
45
63
53
33
21
13
65
89
45
35
45
39
13
78
44
86
99
86
33
77
91
54
10
78
31
98
41
71
38
22
27
76
76
19
18
38
67
86
44
49
45
69
84
66
80
76
12
41
77
28
15
13
67
10
25
70
48
25
17
94
98
80
68
67
98
62
57
63
37
72
86
27
40
97
49
19
47
75
58
80
43
36
68
95
84
49
34
19
44
15
13
23
89
36
64
28
74
59
32
70
57
38
88
56
74
95
88
100
72
83
92
12
41
85
30
86
92
22
75
51
21
93
94
86
33
50
75
71
16
85
16
56
73
67
22
52
91
79
97
75
93
61
48
42
32
79
83
69
19
58
42
18
62
56
15
45
52
62
92
47
72
17
57
48
71
94
89
63
22
77
98
76
16
57
78
40
84
91
68
63
86
73
37
17
59
23
95
15
64
45
50
46
31
13
33
12
62
50
62
13
59
85
77
59
88
43
87
27
72
21
47
61
41
25
22
24
92
28
53
60
32
66
50
85
30
11
32
72
58
52
33
28
85
73
20
97
63
89
78
60
88
17
22
20
28
37
38
16
77
33
22
18
79
19
74
90
100
78
52
74
100
78
63
33
42
65
57
88
43
68
59
29
14
78
88
44
82
94
48
22
38
64
99
24
88
51
76
74
15
87
97
68
48
62
18
33
99
36
17
65
24
99
26
74
20
54
70
56
85
21
66
45
57
19
49
77
100
87
73
80
97
58
42
34
98
31
15
27
15
94
90
37
33
89
41
81
81
67
15
13
87
24
43
83
40
86
43
86
75
84
37
30
19
17
11
98
68
44
75
45
39
17
40
78
44
12
90
85
41
21
88
67
84
96
29
87
38
56
78
14
76
53
31
98
93
41
13
44
57
83
93
40
64
78
54
16
85
65
19
10
64
91
69
97
98
86
16
57
41
85
93
14
94
98
94
29
25
95
26
78
23
76
86
29
76
23
47
72
22
71
76
44
97
86
55
64
73
57
20
33
81
84
20
22
69
85
74
61
26
53
82
54
25
84
15
58
83
24
16
78
63
55
47
56
74
93
92
19
35
56
87
33
41
43
32
65
49
91
83
86
40
60
33
97
46
81
39
69
34
74
91
54
49
97
71
80
93
57
73
82
35
34
93
68
88
58
93
44
14
93
13
30
71
56
87
64
87
23
83
22
95
30
79
65
41
33
28
20
25
92
83
43
26
82
29
91
62
75
23
89
93
79
52
66
90
61
17
33
90
68
43
47
91
53
21
16
78
92
61
29
41
80
12
87
30
66
25
92
97
79
56
38
86
42
99
75
77
46
91
58
26
63
84
44
13
37
25
89
16
11
20
71
14
38
32
23
50
28
62
11
60
74
75
73
82
36
68
82
14
96
66
16
69
17
11
29
24
67
28
14
26
67
36
72
75
95
36
77
74
64
53
14
46
59
93
29
62
36
41
74
76
47
81
84
16
21
99
22
39
30
85
62
49
48
16
88
47
56
57
97
94
29
18
66
39
59
42
88
83
53
17
14
83
26
65
82
29
24
47
52
51
15
92
97
67
48
54
98
12
21
18
89
60
30
78
45
21
64
46
10
29
40
11
61
21
42
48
19
97
56
31
95
91
65
42
35
28
88
56
35
46
88
72
13
66
45
26
56
77
46
39
35
77
34
74
47
74
75
67
63
39
32
27
53
45
11
22
83
22
92
14
18
30
24
19
21
75
14
61
99
40
42
66
45
63
43
15
77
96
77
87
54
50
12
46
68
13
10
86
88
54
86
51
27
95
28
100
93
81
71
44
71
97
82
38
26
91
42
81
82
100
19
12
39
81
41
93
35
43
72
21
75
19
86
83
87
56
49
63
79
64
63
46
55
11
66
77
70
55
61
15
67
21
38
55
85
33
70
51
55
60
43
33
99
84
39
71
20
89
58
27
97
56
68
100
55
94
85
68
82
76
10
75
74
24
95
12
12
21
13
19
75
13
54
81
34
97
12
49
75
49
10
73
45
83
49
46
79
10
73
12
53
88
59
95
14
91
60
10
85
71
75
17
85
16
60
41
13
18
66
49
30
67
47
30
97
44
79
87
25
57
71
97
53
50
77
40
30
20
48
65
25
38
10
93
29
98
99
52
12
70
26
50
43
78
79
25
67
75
97
28
21
27
53
58
13
18
35
41
65
33
75
74
49
50
50
33
92
64
49
81
51
76
16
75
36
66
58
85
48
40
33
49
56
68
76
42
69
88
31
10
60
51
59
80
46
59
60
84
44
66
17
21
56
91
35
20
27
26
46
32
76
31
90
43
16
42
83
40
96
49
34
83
88
81
26
22
78
37
31
89
57
21
67
40
18
100
39
79
23
47
53
78
73
12
57
22
19
69
79
40
45
98
94
26
52
79
49
43
16
67
54
70
97
34
50
51
39
48
87
49
93
96
32
22
20
59
42
51
22
71
99
40
32
23
72
49
68
15
65
57
63
46
38
33
34
20
55
72
87
24
61
94
60
30
97
84
32
99
88
77
49
51
85
11
97
16
27
17
81
41
68
46
62
38
49
33
13
79
100
39
79
100
55
73
20
53
47
11
22
87
98
29
83
100
62
30
48
24
97
58
33
14
49
73
78
97
84
89
90
29
50
60
76
25
46
21
60
63
84
74
44
50
65
40
70
40
88
49
34
13
16
17
63
51
73
92
77
22
12
13
21
37
26
61
14
73
28
47
32
12
53
95
94
48
43
61
40
66
62
22
60
80
28
69
92
87
35
73
21
55
81
40
38
87
57
27
100
43
13
11
47
63
88
71
86
48
80
51
97
44
57
32
31
43
96
37
51
89
24
20
62
51
26
27
21
86
30
48
88
12
89
40
34
52
94
68
85
61
56
87
18
65
26
79
22
30
99
15
13
90
22
11
65
68
81
28
96
98
94
64
93
39
74
37
40
62
92
45
73
74
13
98
21
67
18
20
86
57
81
73
90
20
77
74
55
48
96
23
50
35
37
36
31
42
76
72
48
67
83
88
75
69
70
22
95
99
52
35
47
37
25
34
87
32
94
34
69
20
98
60
20
62
67
41
84
76
27
17
14
38
57
68
44
23
95
57
63
25
80
37
97
19
51
43
69
52
37
49
38
93
40
99
10
34
14
47
68
64
70
57
35
82
61
16
66
23
38
22
91
33
77
58
70
76
68
39
19
79
79
62
84
96
62
47
75
86
47
13
97
29
39
79
30
49
46
14
87
43
96
32
100
66
41
81
51
15
92
78
63
87
23
17
39
79
62
77
87
59
51
12
59
41
65
83
37
17
70
92
53
60
84
51
77
35
49
93
50
58
32
19
24
62
44
75
59
28
97
48
60
85
43
35
83
63
49
27
83
67
77
31
83
65
79
78
88
18
58
41
45
65
85
46
98
54
85
96
69
48
72
11
37
85
90
98
81
77
87
91
23
54
73
66
65
58
58
68
66
80
29
88
82
27
96
58
37
100
20
43
94
18
73
86
92
24
71
69
72
31
52
67
38
32
27
52
21
51
68
61
19
80
24
20
31
90
70
91
65
95
23
46
87
56
72
23
83
17
86
82
34
66
89
77
72
67
21
77
57
57
15
11
43
57
40
77
94
64
98
34
15
40
35
30
84
46
64
68
18
85
63
93
24
51
83
65
83
24
35
74
57
52
85
63
42
30
12
73
89
30
99
91
10
69
60
25
89
75
10
54
51
16
77
96
47
33
29
48
76
62
19
88
60
82
55
74
64
44
14
96
44
57
99
94
31
34
44
74
32
23
71
88
13
98
87
24
73
77
58
42
23
50
14
64
78
96
86
11
25
50
26
93
42
70
30
100
32
31
23
85
82
22
81
58
68
38
77
74
97
97
45
72
85
39
34
90
65
80
48
82
71
99
21
52
62
42
58
87
16
27
47
62
73
11
32
77
53
67
90
86
67
70
84
98
22
30
92
98
94
88
90
74
76
88
68
13
74
24
60
91
20
87
96
49
42
82
29
66
81
82
24
11
75
63
45
62
95
98
92
25
19
48
65
99
27
68
88
27
90
80
48
58
54
47
84
61
82
95
67
85
44
92
14
36
40
26
79
47
73
97
98
74
71
98
21
15
35
89
30
50
14
61
18
32
89
36
63
11
59
21
96
86
12
62
56
19
69
29
99
51
60
87
46
21
30
22
95
73
64
59
44
90
55
15
22
12
71
73
64
14
70
58
22
48
84
54
38
49
27
69
56
72
87
67
39
32
73
28
10
46
93
10
97
80
77
95
37
67
92
27
35
65
61
