25
32
57
93
84
53
36
16
20
53
90
69
38
12
47
83
74
24
71
52
76
46
34
40
72
89
67
88
69
12
89
71
57
78
55
82
17
65
99
46
27
48
91
63
87
51
46
22
40
14
67
73
28
43
77
31
47
39
99
11
56
82
67
76
57
69
62
78
21
56
65
56
30
90
56
25
96
35
25
45
11
25
50
24
75
82
65
88
96
74
23
76
60
98
27
22
83
83
26
17
52
60
27
42
100
50
30
13
10
64
86
56
51
37
57
36
72
95
100
24
23
58
79
34
24
66
69
87
38
66
96
44
38
83
93
90
25
95
61
48
30
51
45
33
53
17
60
57
27
88
89
11
69
56
26
19
64
22
23
77
86
98
36
97
92
51
69
88
75
90
13
90
12
31
96
77
87
27
97
35
77
83
50
53
47
46
22
80
25
49
57
78
14
57
96
22
68
70
53
46
45
18
33
78
56
98
56
89
47
33
48
90
49
85
71
42
22
84
14
55
23
88
10
88
94
81
47
63
72
75
59
44
89
19
85
54
19
95
27
51
12
16
49
91
71
35
64
55
66
50
63
82
95
58
64
92
15
65
15
60
55
63
85
66
20
75
26
55
18
21
90
52
33
16
57
73
84
27
35
18
77
92
24
24
80
67
36
89
47
65
69
47
33
62
44
19
82
51
92
33
83
89
83
81
22
20
32
62
11
78
77
82
35
89
48
95
92
40
24
65
79
50
70
80
33
84
37
86
86
24
59
18
49
40
96
55
39
88
23
28
75
34
13
72
96
22
90
58
70
87
41
26
83
75
64
94
94
56
58
66
90
39
70
60
39
65
41
37
80
98
82
79
16
77
28
60
67
28
13
44
35
33
74
41
53
35
10
39
45
77
25
42
85
81
85
97
85
93
98
34
14
18
67
85
56
44
45
51
12
89
52
88
27
78
51
16
48
61
61
39
15
88
41
20
53
15
55
73
27
51
15
35
26
84
45
80
27
43
50
33
18
84
85
57
66
56
57
45
60
54
68
59
24
88
97
76
62
97
32
42
83
35
54
40
78
96
57
10
61
94
64
88
51
61
51
78
84
85
14
10
64
56
86
27
12
12
25
17
100
20
76
22
75
78
36
29
80
18
56
89
88
31
90
36
100
98
19
91
27
73
14
14
54
50
82
80
96
48
96
25
47
23
45
74
54
86
69
84
86
98
98
99
33
39
27
36
63
62
26
42
93
38
53
45
87
93
10
72
35
39
41
90
72
78
84
35
42
91
63
36
91
34
52
71
33
61
83
89
86
22
32
70
45
12
58
90
57
62
96
50
31
91
60
15
69
64
52
42
56
99
10
35
70
57
58
35
14
98
57
13
68
26
94
29
88
81
34
56
38
22
28
41
21
32
48
86
13
50
100
46
36
35
19
93
12
56
69
39
88
86
59
59
89
61
79
42
61
94
56
19
16
33
38
91
35
65
14
97
77
88
96
84
16
96
91
19
66
97
50
30
22
28
87
53
31
93
28
61
95
53
56
78
63
68
99
54
11
12
61
38
53
51
85
100
18
32
45
67
48
44
52
41
20
38
60
65
56
84
88
28
27
73
41
26
60
88
53
52
60
91
97
100
17
13
25
41
67
31
71
55
15
62
26
26
16
38
66
11
55
15
36
86
65
82
84
54
86
73
62
45
31
23
37
82
32
39
59
32
13
27
81
69
55
30
29
18
39
51
25
52
25
23
12
76
53
87
35
56
36
76
77
71
41
22
61
75
92
79
56
35
61
24
73
12
44
90
21
53
22
83
34
12
14
98
64
51
32
23
59
21
68
78
53
68
24
96
90
61
79
30
67
77
54
49
67
52
71
38
44
82
86
65
87
53
18
12
61
35
96
72
80
43
75
32
39
73
13
78
35
49
77
36
42
14
25
22
46
91
11
17
65
59
74
18
15
91
19
11
50
72
22
87
95
13
40
17
98
46
31
85
80
12
51
75
36
78
86
51
29
41
35
12
35
16
15
32
86
13
89
74
89
27
10
67
24
23
24
86
82
20
16
24
52
57
92
17
13
17
90
60
22
62
28
82
93
83
24
38
49
93
19
68
44
13
76
38
52
64
25
22
52
28
80
19
38
60
75
16
19
64
59
64
22
73
68
91
28
18
40
58
72
51
69
62
41
84
84
99
90
39
12
74
59
19
77
69
53
35
76
48
12
67
18
77
34
51
41
21
68
57
88
14
77
60
42
29
60
86
48
87
52
21
67
35
50
35
30
26
95
57
83
68
36
76
89
25
61
90
34
26
68
42
23
13
59
26
97
23
44
61
96
24
30
19
69
54
75
26
56
69
79
35
66
69
58
29
25
11
21
92
98
65
91
20
35
66
40
29
37
10
49
43
62
97
36
25
98
97
22
25
97
44
92
40
22
98
40
60
30
61
97
46
46
34
100
22
72
16
97
65
20
67
35
81
73
54
72
14
51
41
98
72
79
54
61
74
11
31
23
17
46
89
16
32
37
65
34
93
73
49
69
26
32
60
49
29
61
89
52
86
82
43
93
20
26
26
79
34
21
31
60
41
13
29
69
49
51
56
53
94
62
98
34
13
58
51
50
92
55
50
59
52
78
78
57
97
71
67
48
14
31
58
17
78
40
76
67
95
72
55
14
52
54
83
97
94
74
22
94
51
71
25
25
75
31
20
27
58
56
94
71
84
20
84
31
64
66
56
19
60
87
41
62
100
96
21
86
88
59
18
34
35
62
35
32
67
99
14
71
41
91
39
64
64
64
93
75
45
26
82
16
27
74
66
69
93
20
23
81
78
87
20
23
72
51
100
86
18
83
39
51
81
25
94
25
41
55
32
97
63
40
71
61
99
94
24
80
80
40
97
10
50
61
82
23
30
59
52
13
12
52
65
10
42
67
99
51
85
67
76
53
64
44
54
77
61
56
49
44
89
88
80
45
95
32
87
71
34
19
86
93
48
87
65
92
35
57
71
55
17
74
82
96
75
67
38
60
17
17
28
28
63
13
80
22
26
86
96
45
26
57
41
52
13
66
91
75
32
31
17
47
13
61
41
85
59
38
37
17
42
58
21
73
55
20
26
29
16
24
82
82
58
17
20
77
95
71
24
13
52
12
46
29
61
99
92
64
50
84
60
42
41
69
96
49
89
47
100
77
60
97
99
45
62
16
37
80
97
80
24
39
43
26
88
93
65
84
21
99
77
42
52
50
96
33
31
87
30
30
64
65
49
99
30
86
84
79
13
64
19
82
56
17
55
14
64
61
20
86
89
45
100
33
99
46
22
15
78
72
99
87
11
11
78
25
35
67
63
51
71
47
35
49
81
12
29
86
85
31
94
82
58
42
58
90
46
27
76
96
21
45
61
70
58
94
39
24
71
34
51
57
29
10
44
52
87
63
98
91
62
92
18
55
14
60
84
46
84
95
79
67
97
50
39
82
23
52
25
82
18
40
82
24
87
69
34
78
36
46
22
56
27
76
52
87
92
48
41
26
54
77
17
11
16
60
71
75
35
65
28
100
40
39
99
75
88
38
92
17
75
89
24
11
79
70
92
53
90
60
39
60
62
57
66
81
14
19
24
68
92
44
44
41
99
90
52
50
32
10
39
38
89
70
45
67
51
84
41
37
66
46
49
83
23
43
37
80
65
75
26
87
25
93
53
86
69
60
76
78
37
81
39
16
45
33
45
73
52
29
86
19
76
74
89
25
53
45
16
87
35
98
11
61
47
25
61
23
28
81
12
81
27
77
85
44
100
36
54
55
96
96
29
68
13
87
30
95
81
56
80
78
95
45
31
41
73
36
49
18
17
27
95
91
20
96
85
80
38
28
25
46
18
99
42
74
98
47
81
57
18
93
49
32
18
50
21
30
34
37
21
50
22
40
84
53
24
38
25
34
100
65
80
71
15
45
35
22
50
94
15
22
67
65
98
25
54
79
34
62
26
25
51
27
91
76
23
73
50
99
85
63
86
95
80
54
14
30
88
75
14
15
56
18
63
66
32
37
89
93
11
74
80
94
50
85
21
94
35
89
38
14
76
62
40
93
63
32
28
54
11
35
42
27
51
72
19
94
34
52
75
41
74
10
12
84
11
42
59
51
72
50
89
55
73
87
34
14
65
34
68
46
67
58
23
98
43
24
50
70
85
49
90
73
96
63
34
72
10
59
68
89
76
59
37
39
84
51
37
81
34
88
74
81
75
38
23
95
70
89
71
92
91
14
100
49
99
93
60
63
46
28
37
81
83
48
67
70
91
100
21
76
13
35
37
87
24
46
82
65
74
25
98
64
51
98
69
27
32
29
23
76
17
10
12
69
49
62
36
60
90
39
39
49
32
75
89
57
88
68
10
63
12
32
71
91
46
23
63
55
41
72
25
10
94
88
66
10
11
26
29
12
77
39
64
45
53
67
48
94
75
85
44
36
98
49
72
79
65
41
45
88
50
83
83
57
99
59
70
54
100
58
70
11
39
71
73
32
96
36
28
15
69
74
61
49
98
10
40
41
100
44
88
89
21
88
35
40
23
88
88
66
71
10
87
78
65
34
30
56
25
96
39
15
67
24
32
47
53
38
91
55
64
96
66
95
88
99
63
53
35
62
92
96
63
82
95
32
49
80
87
68
68
94
12
86
69
93
100
96
94
74
39
55
31
89
42
86
88
60
20
11
34
56
45
10
28
34
13
51
81
25
35
39
69
51
47
66
49
81
71
43
71
41
85
26
81
13
73
92
79
97
97
98
24
57
19
33
82
67
39
54
64
12
24
10
76
94
76
30
16
55
86
44
31
58
74
83
40
32
34
84
90
38
33
46
79
31
69
46
87
33
18
38
79
40
29
36
32
64
10
96
50
97
20
52
90
78
15
30
70
20
93
24
71
19
26
40
19
66
68
91
74
57
40
19
28
87
17
76
69
78
68
67
52
99
37
35
31
13
22
66
79
68
20
34
58
56
95
78
10
44
86
34
13
57
40
87
93
36
45
84
38
78
63
46
12
27
10
28
60
91
94
93
48
56
74
93
93
88
76
87
47
44
96
17
11
76
34
67
76
62
81
21
78
81
25
40
14
64
83
88
34
56
79
36
84
60
26
57
23
49
61
64
38
40
54
94
21
40
33
40
58
41
17
30
34
36
47
46
55
83
60
80
93
30
77
80
68
60
43
78
86
59
85
20
61
21
39
45
91
77
59
30
43
58
85
62
43
44
68
80
28
79
84
59
87
39
100
33
98
40
93
97
24
59
59
36
15
51
97
89
58
26
26
27
19
86
76
82
50
54
97
39
31
31
44
71
56
22
91
97
64
70
48
90
82
63
100
39
86
27
27
13
70
92
54
49
72
21
60
55
86
93
58
38
54
98
73
82
31
87
47
89
57
44
64
90
100
21
36
26
75
14
66
45
72
32
56
82
93
28
83
20
28
85
60
64
81
81
62
37
61
92
76
20
64
33
22
74
27
45
57
91
67
100
95
56
95
57
54
55
91
82
32
27
72
73
25
35
13
54
76
85
87
53
25
62
87
13
71
82
91
68
11
66
55
68
85
91
85
100
61
54
41
85
62
47
88
79
64
54
36
82
79
97
58
99
76
46
21
70
91
74
52
29
94
36
40
88
92
20
90
15
98
89
44
96
43
22
24
24
90
21
45
67
41
23
96
68
69
67
41
74
48
99
38
44
30
97
96
59
89
71
47
90
86
74
82
98
46
15
97
46
47
40
36
80
23
15
76
79
20
32
51
29
14
19
90
59
40
78
38
37
53
31
95
81
31
10
65
77
33
68
72
80
23
28
87
91
93
22
22
60
43
46
45
77
45
80
70
90
39
68
45
11
34
31
87
28
53
83
76
15
68
52
77
43
45
72
19
97
33
98
65
57
46
20
17
39
13
52
95
68
41
77
97
60
100
36
56
34
74
22
99
79
37
19
66
77
28
89
91
67
83
10
62
79
59
45
50
59
85
67
28
34
67
11
19
67
37
88
53
39
15
14
41
62
86
13
74
98
89
82
18
81
35
11
54
74
99
32
35
40
32
94
91
100
34
63
71
13
94
62
96
72
80
67
72
41
94
84
43
50
60
52
76
24
45
41
81
60
79
89
69
57
20
98
42
25
52
49
61
69
48
97
61
66
92
97
14
80
26
23
14
54
41
11
70
68
77
71
84
75
18
19
58
76
12
15
27
96
47
70
84
25
58
54
72
48
80
12
36
76
40
36
35
47
55
49
85
91
10
43
19
37
26
28
69
95
73
100
68
81
31
40
24
45
100
87
66
52
47
91
45
17
20
20
33
52
21
88
18
89
95
25
93
84
21
20
15
79
76
25
23
84
28
45
73
35
35
56
98
13
10
61
18
47
24
92
73
95
51
21
54
32
20
60
81
52
34
84
69
27
87
36
30
54
49
99
25
43
36
100
16
39
85
19
61
83
10
32
81
19
58
58
97
91
38
17
23
54
64
50
46
87
77
69
29
13
12
22
73
72
56
88
32
74
99
66
53
85
61
90
14
39
78
100
34
61
17
28
41
33
42
16
21
75
12
16
57
85
36
92
18
91
79
75
16
52
76
22
99
44
36
21
89
95
15
59
43
14
22
65
93
18
76
76
81
47
46
92
74
10
30
31
37
85
65
12
93
93
18
65
85
29
11
74
71
18
80
27
44
25
27
84
21
28
95
46
43
86
55
75
16
10
29
43
29
39
80
46
32
36
33
32
19
30
34
13
87
27
11
24
99
76
95
32
63
100
10
22
70
80
18
24
99
99
34
23
73
