100
53
48
38
72
70
75
11
87
70
88
32
78
72
83
18
30
12
88
69
39
68
28
33
26
89
31
42
88
87
75
65
45
33
47
40
30
75
25
14
49
66
49
19
42
81
50
47
67
54
75
75
86
82
47
63
35
76
50
54
25
83
25
19
31
10
37
18
59
85
72
67
38
57
39
95
12
27
97
75
10
54
39
50
35
32
35
95
73
42
52
76
34
82
71
56
54
63
74
40
100
45
41
83
48
20
34
24
19
30
72
14
29
73
25
44
31
38
88
39
33
56
89
80
53
100
35
86
14
85
40
63
26
73
45
57
72
23
17
41
17
23
71
33
21
92
22
12
11
22
51
96
12
16
42
13
34
76
42
35
90
55
80
31
50
97
15
10
20
50
24
99
38
41
16
67
80
99
90
94
14
28
21
78
78
81
60
15
15
38
97
85
84
49
80
18
27
60
47
21
58
79
47
78
35
94
26
14
14
74
94
72
83
71
24
78
54
57
34
55
38
14
43
49
91
39
17
50
83
82
66
19
81
95
46
23
47
50
16
73
81
86
12
79
74
95
74
22
23
97
13
76
49
39
66
32
94
17
25
92
79
88
99
82
97
82
87
78
21
92
98
50
15
28
82
85
15
23
89
80
66
89
60
48
83
36
94
38
90
53
91
24
57
17
56
49
93
19
48
97
78
89
12
54
67
58
15
42
52
81
84
85
77
34
54
20
87
30
55
66
71
42
82
66
46
92
56
98
60
71
71
59
80
58
42
90
61
76
43
95
30
11
85
43
61
73
64
45
12
60
49
28
24
45
69
89
87
53
16
43
84
34
49
84
69
20
31
59
82
60
50
13
78
29
97
35
10
23
51
72
77
61
16
29
50
46
19
57
42
15
38
85
64
74
40
59
87
12
79
67
12
83
85
32
67
68
49
81
96
32
78
64
44
47
46
66
36
35
77
99
36
16
64
47
87
79
13
19
68
49
29
22
44
31
49
19
10
56
52
84
31
93
29
78
50
59
62
53
66
77
35
95
23
81
90
99
53
32
27
21
56
86
63
13
76
69
74
29
57
40
26
54
93
95
52
59
38
30
97
84
52
70
55
82
27
49
57
79
55
10
50
23
98
37
33
64
13
92
46
13
59
31
75
83
92
17
22
65
45
67
64
77
63
72
96
32
12
43
59
73
69
80
57
65
34
41
23
67
17
81
29
24
57
59
36
92
11
28
10
58
15
34
72
33
18
81
38
74
92
93
22
86
99
39
17
32
100
19
73
45
99
16
91
23
75
61
14
72
30
97
77
79
93
34
43
51
83
71
38
88
40
34
65
39
42
60
80
62
51
93
87
78
51
59
89
62
80
68
27
37
58
33
86
97
24
95
93
34
66
23
66
20
86
85
14
19
78
22
40
98
28
19
96
86
64
98
17
92
97
98
97
76
78
92
30
56
43
70
37
90
56
12
82
17
70
80
62
29
14
99
46
22
49
94
19
72
30
23
97
70
84
92
43
19
89
66
39
23
94
80
97
30
43
17
64
39
34
57
45
82
20
88
59
59
88
73
46
38
34
11
49
60
65
77
70
50
74
39
14
39
25
43
81
52
24
15
80
44
28
41
72
91
12
55
63
90
66
78
22
88
74
28
94
93
91
84
97
72
38
66
92
60
68
89
22
60
73
93
91
84
72
53
68
52
67
77
26
50
38
47
53
33
53
60
36
53
18
49
62
19
67
58
60
50
70
70
31
60
14
37
65
25
43
34
47
59
79
47
89
11
42
87
50
67
51
97
22
77
56
77
60
53
49
71
80
55
82
91
11
64
18
16
72
92
50
14
23
34
57
35
55
99
25
43
45
10
55
17
20
24
70
30
20
15
77
90
20
41
35
86
90
63
69
98
78
69
55
10
17
72
67
16
66
13
15
48
49
49
63
76
88
48
95
14
52
85
48
13
43
44
78
12
87
68
80
89
47
99
91
59
44
78
23
75
90
60
54
29
77
93
76
86
27
92
86
63
70
79
56
89
26
39
42
50
30
85
42
64
53
40
12
94
19
63
96
97
19
31
10
11
48
66
69
12
68
35
71
12
10
100
80
35
24
63
77
67
13
28
35
85
51
42
50
46
63
32
92
69
79
52
90
21
69
50
52
32
88
20
89
84
68
59
31
85
13
82
39
80
63
75
51
47
23
63
44
31
90
80
18
49
80
12
65
84
76
51
98
27
70
91
92
29
64
57
79
61
55
49
45
27
98
58
86
26
33
56
42
94
24
21
