42
20
80
23
95
23
95
97
50
27
26
47
24
12
94
86
97
47
29
50
24
17
12
91
90
77
87
19
32
95
64
35
52
30
99
48
97
18
28
64
23
24
29
14
74
23
79
86
66
34
88
92
52
12
35
40
31
82
55
17
57
12
41
42
13
93
50
17
57
93
16
100
65
33
46
93
10
19
11
51
18
25
48
30
25
61
25
95
59
79
36
23
72
56
44
37
11
80
24
50
21
42
96
47
85
50
34
35
54
64
41
79
80
86
94
87
42
40
52
74
42
95
87
34
27
32
92
93
25
76
23
93
87
59
10
65
53
91
22
98
73
30
68
77
75
72
54
23
11
86
11
85
28
18
100
98
21
56
81
41
97
50
51
31
14
71
57
20
93
36
72
24
41
95
81
62
19
87
62
68
33
78
13
48
27
49
32
14
27
91
79
13
65
56
79
95
49
94
44
75
50
54
96
46
81
20
66
99
17
58
72
28
16
52
72
44
60
93
16
97
32
72
61
78
27
94
24
90
88
38
26
90
14
99
56
14
56
87
71
89
29
44
90
72
64
75
12
78
87
15
50
70
29
28
71
94
70
90
60
67
46
20
94
74
25
95
56
89
61
39
39
73
45
88
71
62
73
13
67
64
28
97
96
27
26
32
82
41
90
36
23
22
95
66
35
62
75
83
10
86
33
50
35
57
50
86
69
17
25
54
47
21
65
43
70
77
55
14
96
38
37
79
28
28
10
23
80
23
100
63
68
32
98
61
21
19
14
16
34
40
100
82
62
46
32
56
19
62
84
42
19
76
50
79
43
75
79
22
89
70
33
42
37
86
51
16
47
41
74
33
13
75
80
25
60
87
31
58
55
85
18
74
48
52
46
31
90
95
80
32
12
22
73
39
27
61
30
69
24
11
60
20
11
82
90
40
91
78
74
26
96
20
93
54
46
43
56
59
50
89
63
41
19
56
94
79
68
59
35
52
22
78
86
39
67
64
86
72
27
47
46
88
39
11
82
73
74
54
81
25
91
63
91
52
73
75
22
29
61
62
14
21
77
99
78
95
71
52
29
65
48
85
98
86
27
87
97
86
51
79
60
87
98
25
73
49
53
30
31
26
68
22
21
100
51
17
100
86
95
10
39
91
48
65
43
98
93
52
41
36
27
100
94
35
38
72
80
95
11
96
23
20
96
59
46
59
17
39
50
72
14
31
40
65
79
78
45
21
33
89
92
96
12
98
72
92
65
71
90
45
82
15
52
91
90
75
82
31
30
10
70
51
65
83
86
41
100
53
50
36
26
44
20
25
95
21
10
30
96
87
15
47
15
32
72
45
82
94
99
40
73
97
60
99
68
52
39
69
45
100
61
46
39
25
39
87
98
41
54
31
22
78
49
33
93
90
61
54
76
13
92
51
77
39
42
80
11
100
73
100
22
69
98
90
12
51
60
32
96
22
84
76
46
92
82
23
22
33
30
30
19
51
37
87
88
42
11
89
19
80
36
26
69
83
17
30
92
70
24
78
35
93
88
60
83
53
90
34
21
24
57
50
90
76
64
87
47
53
44
31
95
22
92
74
14
43
56
26
30
17
57
36
86
69
61
28
82
77
80
17
43
25
99
32
78
75
87
69
61
49
34
50
14
69
46
56
63
42
55
27
42
18
12
58
37
33
36
10
75
62
98
20
78
55
59
30
15
89
82
83
97
70
78
73
90
56
15
56
39
45
20
53
27
24
82
28
58
33
70
81
93
63
67
59
94
19
82
76
11
62
69
77
10
99
33
64
60
35
95
93
66
67
94
75
73
31
43
19
93
98
55
90
85
35
12
92
49
39
11
66
22
24
89
49
35
32
92
12
51
54
23
91
62
56
82
30
60
99
80
72
90
26
83
14
67
52
87
53
74
35
40
57
19
25
46
36
52
25
78
98
20
47
73
78
88
71
45
76
89
37
69
95
40
83
86
12
18
49
28
91
26
95
56
30
58
78
28
61
74
74
75
83
45
57
87
15
30
19
96
44
27
21
85
42
13
40
40
76
41
87
43
62
42
58
28
99
74
38
35
97
57
62
94
71
32
11
84
26
76
86
14
46
58
78
24
71
16
91
53
68
94
29
55
14
94
34
11
43
75
38
15
28
23
85
73
23
65
95
88
74
42
61
50
65
56
51
42
82
98
84
39
24
37
63
69
94
75
81
11
24
88
79
42
12
11
98
78
90
38
100
24
12
96
87
56
22
91
54
94
31
50
99
63
57
32
38
78
29
11
52
23
74
87
12
61
85
54
59
92
27
93
30
64
56
44
66
10
79
28
40
96
80
42
49
57
71
94
30
53
27
87
64
57
12
80
56
80
35
21
98
52
13
32
13
48
79
68
98
39
43
67
61
50
41
44
17
41
88
88
11
81
80
56
54
45
98
10
54
66
72
81
98
70
98
87
46
11
37
71
63
67
77
12
74
86
36
64
27
37
58
38
91
55
52
25
13
37
12
11
98
99
38
91
29
18
63
50
47
27
55
14
86
41
73
90
98
89
24
36
89
28
59
48
14
77
95
81
36
30
17
69
66
98
27
32
12
25
100
65
20
61
99
74
46
60
19
34
43
59
82
27
63
17
34
25
57
28
59
15
91
62
37
12
23
71
75
25
39
59
67
50
10
11
71
59
88
31
59
31
48
53
76
40
89
73
67
69
97
40
72
21
50
20
72
17
16
91
47
69
91
92
88
99
60
76
50
58
66
37
66
82
12
25
25
68
17
47
72
83
25
55
62
17
27
15
12
84
76
37
35
67
15
94
32
53
64
90
92
83
58
51
47
14
75
91
52
11
70
95
46
48
89
67
44
44
84
91
89
57
51
67
39
47
25
96
74
51
72
44
95
36
54
89
96
85
66
10
34
80
43
53
17
33
42
45
77
26
99
28
60
43
63
92
67
33
72
93
62
14
17
15
64
42
10
15
69
51
28
91
57
55
48
14
86
78
40
88
81
39
23
14
65
89
49
18
37
26
50
51
79
25
42
68
94
43
37
37
22
55
38
33
100
93
98
75
100
93
62
26
98
98
40
84
22
31
22
59
81
99
16
40
64
31
12
14
77
68
70
66
97
48
40
23
25
80
83
42
93
34
86
16
43
79
81
29
48
57
13
27
47
61
18
55
64
43
40
83
43
80
39
82
10
76
53
50
15
90
53
46
55
61
48
35
53
95
46
26
15
88
58
10
55
60
79
29
52
71
57
16
96
35
10
58
94
78
30
17
34
13
32
63
18
79
22
63
70
31
100
63
37
98
50
60
44
84
33
72
55
87
54
51
31
50
50
37
17
71
80
26
17
57
23
55
89
20
14
55
86
41
40
76
68
51
77
40
15
50
79
41
34
87
16
46
27
44
19
99
46
93
99
42
44
58
14
32
33
83
10
33
51
27
76
71
90
100
70
86
52
17
69
34
60
88
15
66
55
18
18
67
58
75
20
65
28
25
94
29
22
56
64
81
47
80
86
58
90
65
51
71
28
65
77
10
67
98
29
59
74
41
24
99
37
81
56
66
89
73
31
68
51
20
23
62
48
44
74
50
67
94
96
20
90
78
68
10
23
78
51
76
80
67
90
90
67
10
27
46
84
70
56
82
17
30
76
49
93
58
10
32
77
74
51
38
24
37
86
95
53
71
49
67
36
77
96
37
58
99
20
90
61
30
98
38
84
18
67
10
49
77
73
76
77
18
44
90
56
69
66
49
76
18
94
63
64
37
11
89
90
75
91
66
27
40
51
36
74
49
48
48
56
67
77
70
91
28
97
94
15
37
89
76
57
74
37
72
52
33
11
91
17
57
53
58
43
80
51
35
67
20
88
67
71
57
26
21
68
17
86
80
95
37
91
30
44
48
37
62
94
98
59
89
56
42
48
30
32
61
44
17
73
42
91
13
20
100
73
49
18
43
65
65
60
38
24
78
14
53
55
80
12
26
27
78
68
36
57
35
63
20
52
92
99
43
23
23
17
52
89
72
43
28
49
10
84
57
32
23
26
57
100
70
100
87
84
74
84
17
80
14
15
24
93
78
83
31
100
51
100
52
15
72
15
48
30
81
71
48
34
51
98
14
31
24
32
52
26
95
62
88
15
50
13
92
76
23
54
65
97
52
25
26
32
71
43
17
45
52
57
53
57
58
100
69
94
65
90
30
44
69
79
53
37
64
41
89
89
73
30
75
65
33
41
41
92
44
75
29
18
97
73
79
40
20
20
62
64
89
63
13
73
65
89
100
50
79
93
62
86
79
34
41
65
97
73
51
49
29
24
50
100
31
82
80
43
39
75
51
62
71
11
88
11
99
15
51
48
56
95
97
15
41
14
19
37
95
49
71
75
74
10
70
55
22
26
100
19
59
38
30
49
54
29
66
76
98
81
78
100
49
45
46
31
13
27
90
65
24
34
20
67
60
90
96
22
39
97
78
13
49
68
79
39
83
91
70
36
58
86
51
60
72
15
31
59
83
98
91
34
57
48
36
34
80
28
17
84
30
39
98
23
