31
81
38
89
50
92
97
82
56
54
78
55
49
11
54
12
31
74
39
36
13
95
71
85
62
18
79
99
12
22
98
19
41
12
13
47
42
50
84
58
37
54
88
19
33
97
79
18
16
28
53
88
35
78
50
38
93
67
56
100
30
35
45
92
89
81
35
18
37
91
54
39
93
45
65
42
88
47
37
98
79
82
86
34
73
69
66
39
95
11
17
79
87
68
41
68
82
97
60
41
70
64
33
12
30
93
47
69
74
88
36
81
45
11
32
98
87
96
52
83
78
13
21
97
48
67
77
30
99
38
74
67
88
78
26
85
33
15
19
60
20
49
96
51
70
95
33
63
13
87
22
85
19
46
43
17
34
45
96
76
45
75
34
74
52
75
61
72
81
50
44
73
52
58
53
17
68
27
68
66
83
77
81
55
10
15
52
65
91
41
98
39
89
81
98
97
68
80
59
71
77
92
81
61
42
44
94
78
23
62
95
78
45
84
68
89
43
68
16
22
65
77
27
90
47
52
59
92
13
33
31
79
25
38
12
68
16
43
62
63
30
98
86
37
47
45
73
91
21
12
93
32
97
91
64
58
11
57
66
31
99
46
89
29
94
48
86
67
19
74
60
45
80
28
24
97
18
94
43
67
19
10
68
49
31
16
45
45
47
80
85
54
90
57
70
91
97
95
85
96
86
76
16
52
63
88
54
39
16
52
75
35
40
42
92
33
98
62
85
45
74
97
84
11
30
94
63
91
20
89
76
30
73
82
24
67
78
97
51
83
62
60
91
67
75
90
42
41
61
70
13
63
74
91
46
64
40
89
11
32
41
78
30
95
14
16
26
26
22
27
79
17
22
31
16
99
20
52
68
23
42
69
26
17
40
40
21
73
75
76
11
97
64
62
90
76
53
94
37
93
60
44
20
62
26
99
59
30
55
75
62
28
95
91
51
93
63
25
73
83
78
72
88
33
84
15
46
10
27
65
56
15
15
36
19
98
22
18
31
52
77
63
76
21
60
73
96
20
36
23
82
55
89
27
67
96
95
13
55
45
81
61
22
64
53
87
53
64
40
87
59
71
85
84
78
44
72
38
97
76
56
17
19
41
59
47
57
34
78
36
90
51
67
90
35
61
87
70
91
37
37
46
60
15
73
32
44
63
82
98
61
87
12
84
36
92
21
78
71
21
41
62
28
79
22
10
24
12
100
68
93
41
43
34
53
56
26
66
24
35
41
20
97
52
82
98
98
71
16
50
38
77
57
72
15
73
80
25
91
13
97
60
46
52
99
65
39
22
36
79
94
11
65
96
39
69
79
63
91
29
76
74
61
95
36
59
19
15
81
72
72
69
54
23
98
20
60
73
54
100
94
57
40
38
16
79
88
45
92
34
78
20
70
98
68
94
50
86
27
27
83
88
78
84
65
36
23
88
66
95
15
20
98
60
95
75
32
86
76
79
98
89
13
86
20
58
72
75
16
41
83
73
32
100
22
75
25
83
85
31
54
56
24
61
37
80
52
79
52
59
16
95
13
27
67
16
77
59
92
42
98
93
68
25
38
47
27
43
27
52
57
90
66
85
15
43
97
88
70
18
23
25
12
84
13
100
19
25
74
54
51
85
16
45
56
23
72
37
91
79
64
12
95
33
48
25
83
62
87
83
18
22
72
92
84
51
80
33
23
93
70
58
58
35
48
46
95
20
69
10
65
94
32
32
80
86
33
79
70
30
84
35
54
50
67
32
64
98
33
53
49
64
87
97
28
74
79
95
70
74
66
91
36
97
16
13
70
40
73
97
78
44
81
11
54
67
34
32
64
38
46
75
70
98
86
29
77
16
24
75
44
48
15
29
38
97
10
20
44
29
12
10
42
23
79
97
79
25
22
48
97
71
20
68
46
57
90
47
38
67
50
54
76
82
45
31
76
94
97
43
44
11
77
33
54
47
69
86
11
78
59
94
84
95
36
15
51
76
59
99
20
32
63
20
38
39
98
38
84
83
85
47
64
38
27
96
42
44
32
47
94
78
93
17
39
36
90
84
52
31
31
22
28
11
55
43
89
74
40
74
66
86
63
31
56
67
91
49
33
12
72
55
21
81
86
31
74
72
87
66
15
53
35
36
90
99
16
11
19
43
85
70
41
91
28
60
89
58
35
96
26
44
70
97
35
47
62
73
20
31
14
48
90
16
33
62
28
30
38
91
68
85
90
70
36
22
47
25
41
53
62
88
50
54
33
57
18
30
65
67
79
92
43
85
69
66
44
48
43
82
11
84
28
81
96
78
52
64
41
89
71
26
49
54
21
53
47
95
32
67
36
58
83
89
84
73
13
63
34
12
65
73
26
64
47
70
52
46
13
33
84
54
40
12
23
10
52
39
94
21
51
37
18
54
37
13
37
92
74
53
28
85
22
15
81
88
97
98
81
87
41
25
82
81
26
69
26
85
66
22
79
87
37
83
52
99
61
53
78
30
50
10
74
96
94
82
62
66
49
48
40
44
43
53
27
56
86
65
12
23
76
90
84
86
46
61
83
26
75
41
98
43
70
56
24
84
42
12
73
69
71
47
61
39
52
21
89
58
93
50
97
43
97
72
20
95
65
24
59
54
13
60
15
34
37
75
93
68
54
87
90
59
33
62
93
98
72
29
77
71
22
64
52
70
60
49
61
98
52
33
17
17
50
34
86
60
82
13
57
86
64
30
29
41
81
47
77
69
23
78
87
66
34
78
10
51
70
47
95
74
68
33
88
41
37
53
30
31
16
20
39
59
71
30
54
75
16
51
60
60
30
85
12
36
79
47
99
94
41
55
38
89
86
78
43
53
81
23
27
88
60
59
82
26
18
92
66
51
69
36
75
20
89
52
38
52
55
16
78
54
96
84
59
46
85
39
88
95
10
54
65
51
18
73
34
13
84
42
64
44
40
50
71
55
46
79
49
90
10
48
85
46
56
41
57
95
15
52
84
93
23
50
49
67
37
25
38
37
32
58
47
44
75
56
88
16
91
68
42
38
97
82
60
92
29
27
36
49
52
77
80
74
37
21
65
33
85
63
26
40
48
57
80
12
53
12
66
27
64
35
25
72
28
89
49
43
43
47
62
65
54
80
13
64
87
55
95
28
38
60
41
53
51
42
88
43
27
45
54
10
73
74
68
62
29
31
84
11
98
96
54
30
99
11
13
97
81
70
57
31
61
50
38
14
65
30
47
16
73
47
84
91
31
92
74
11
84
38
21
28
31
97
96
27
54
17
34
98
37
70
17
15
21
86
45
27
23
100
44
94
72
47
14
26
63
93
45
80
57
73
91
33
49
52
74
27
71
50
17
14
62
57
76
58
68
46
18
45
15
77
73
72
66
11
57
17
75
84
49
54
21
99
50
43
65
57
78
13
40
74
97
49
92
36
34
51
94
65
83
83
59
57
39
38
37
82
88
100
92
76
97
13
31
78
22
95
12
24
22
62
98
40
33
50
35
98
74
63
66
94
96
84
94
48
20
51
50
30
32
29
35
59
76
31
62
50
59
23
83
42
69
59
53
12
50
41
99
76
89
84
32
15
11
65
30
54
11
10
69
96
36
91
14
54
79
90
77
66
13
48
22
38
33
82
41
25
98
58
19
60
79
83
70
50
31
67
64
82
14
73
64
56
40
54
48
50
90
81
58
84
95
10
31
92
87
23
35
51
23
17
95
48
26
59
52
72
25
14
48
39
100
41
96
40
85
32
55
58
24
68
52
73
81
24
27
41
44
34
14
33
54
54
61
56
25
65
31
32
34
34
62
22
90
79
51
20
21
43
50
87
45
51
42
73
98
30
29
57
84
16
27
35
46
11
26
83
72
99
87
83
91
57
51
27
54
70
75
34
70
42
56
39
59
84
74
44
97
51
55
67
96
47
44
17
31
98
97
37
55
39
82
84
54
12
27
80
93
98
44
48
97
39
79
21
58
61
48
35
16
26
24
60
87
93
54
10
53
57
12
22
71
50
79
82
56
37
91
76
96
44
23
23
44
63
53
27
38
61
92
98
77
70
51
55
35
52
95
88
68
16
67
33
14
35
56
44
39
52
77
24
66
85
77
92
34
58
81
74
81
60
16
16
54
40
51
50
39
87
58
10
98
98
90
81
57
50
77
15
36
87
100
19
73
93
79
35
24
45
83
64
85
45
47
14
69
34
46
47
78
87
95
100
98
49
14
77
20
90
12
47
95
79
76
60
36
61
98
91
45
52
78
88
50
84
79
50
68
99
57
59
68
42
80
57
21
77
24
26
75
39
98
10
77
51
23
78
26
55
96
23
55
16
91
74
55
74
73
77
94
66
83
73
79
16
83
97
75
26
51
28
25
54
48
37
95
37
46
63
38
66
42
72
86
55
30
20
91
82
88
68
99
53
63
20
26
81
62
11
37
28
25
79
52
37
100
93
19
61
71
11
67
68
98
16
79
17
100
21
64
79
95
66
18
95
94
76
79
43
86
16
31
94
42
90
57
63
40
44
62
67
30
39
24
54
41
86
81
10
50
76
49
66
68
29
78
36
15
72
39
58
37
83
93
76
31
82
30
99
17
28
85
62
16
50
64
71
35
48
34
73
71
14
58
15
62
100
47
86
32
94
98
16
60
75
88
83
14
39
66
40
97
12
27
97
50
45
13
38
38
56
69
50
84
15
66
92
60
46
52
82
49
57
51
88
38
45
46
72
95
67
54
66
64
34
32
87
61
28
43
11
23
65
44
46
16
92
78
94
17
25
44
51
99
62
81
72
32
37
96
49
97
82
80
39
76
60
37
76
69
97
56
66
56
25
89
11
78
68
78
98
97
71
52
35
12
23
96
41
98
97
100
52
48
82
51
57
99
54
80
79
76
76
41
10
19
95
63
60
81
29
61
74
83
59
25
46
77
26
77
59
33
13
92
11
45
67
43
90
20
50
25
31
98
62
81
84
54
36
89
35
62
67
21
14
30
40
18
20
32
77
21
24
76
20
23
49
26
52
55
28
66
26
88
64
76
51
83
96
50
83
25
49
21
17
35
82
11
65
46
91
68
95
15
98
98
63
17
95
87
36
81
33
35
17
28
13
100
53
40
23
