32
69
93
90
83
35
79
16
78
90
13
79
46
87
49
56
64
36
10
27
92
31
91
37
74
46
88
39
100
49
13
49
18
63
48
60
67
10
39
63
88
35
13
98
15
45
53
35
15
99
15
48
55
68
37
72
24
44
32
86
77
78
72
59
27
14
47
51
95
56
88
29
72
26
52
64
10
74
25
46
66
97
36
40
97
27
65
29
34
56
24
16
35
16
95
45
67
23
97
36
15
23
18
25
37
41
39
22
52
58
28
56
67
26
41
30
91
48
67
98
24
96
58
36
40
16
78
52
56
73
52
23
88
42
13
14
40
70
70
43
25
58
41
77
85
28
25
70
95
46
36
65
31
81
64
92
41
66
70
62
25
55
30
59
57
32
37
62
47
93
70
93
78
10
97
16
15
34
76
20
63
45
95
55
29
43
13
56
77
46
100
64
32
94
75
46
48
60
20
68
31
100
92
93
47
42
47
42
12
20
74
62
16
43
14
35
79
83
15
40
85
63
73
65
64
82
71
69
53
32
41
76
71
37
94
93
93
15
23
29
79
58
64
16
90
54
78
23
86
93
12
17
65
13
69
35
50
61
90
13
11
12
55
62
35
57
91
46
31
79
16
34
46
93
77
13
83
94
21
35
15
27
32
48
24
72
84
87
22
27
59
80
46
25
91
26
61
36
53
63
64
99
99
71
98
41
36
84
51
78
73
40
48
65
61
51
20
51
100
37
42
100
12
78
95
76
27
80
96
32
78
55
71
58
43
13
94
79
95
36
30
27
39
25
75
16
91
74
79
79
10
23
14
53
38
69
20
33
56
87
15
85
41
37
13
90
37
94
82
31
54
51
90
67
73
31
85
85
48
60
31
27
93
91
61
24
32
42
81
49
26
36
22
20
13
62
81
36
35
23
28
12
22
21
49
71
81
21
67
63
16
21
39
61
85
96
41
86
78
51
90
44
25
18
38
99
36
88
44
50
25
33
39
74
20
56
60
73
74
64
67
64
45
96
91
33
24
59
80
71
40
57
31
32
55
81
30
91
97
12
28
57
50
48
18
10
45
32
82
42
50
94
28
31
97
38
52
12
27
89
46
44
99
18
35
70
100
31
12
11
36
32
36
74
81
51
85
61
17
87
85
33
27
14
55
72
54
70
57
91
98
84
13
20
16
87
62
88
82
14
92
42
53
27
88
27
97
63
63
78
23
71
80
15
38
32
56
49
99
45
78
35
16
57
40
78
57
55
45
71
18
43
23
83
35
68
28
52
31
46
24
50
17
59
43
42
57
44
65
63
19
86
37
30
52
35
60
75
83
85
45
29
48
81
73
35
20
22
31
77
94
92
68
84
78
80
51
74
56
62
76
66
68
41
15
29
72
64
19
86
14
36
38
83
55
10
31
37
94
15
65
77
86
70
46
30
24
43
21
75
28
46
38
59
83
41
69
100
80
52
21
14
93
23
77
14
58
12
11
90
33
53
85
33
83
38
43
85
15
45
20
16
98
59
21
56
73
60
87
90
62
83
89
86
50
77
59
86
80
63
89
53
34
15
80
70
13
82
11
33
37
44
95
28
28
38
45
30
78
12
98
18
69
11
84
37
85
41
63
100
93
64
93
82
33
69
31
86
68
34
46
21
57
96
83
49
26
61
75
32
62
87
71
15
55
50
40
13
80
56
25
73
74
69
10
94
52
22
83
95
11
47
25
22
51
61
56
90
64
13
57
28
59
29
10
64
65
51
27
29
44
31
22
42
90
14
83
76
79
35
47
56
51
87
95
64
15
74
16
64
85
49
74
27
45
97
21
83
99
47
44
50
30
97
17
45
34
59
21
16
86
16
47
76
57
25
84
61
48
19
12
82
49
39
26
29
100
85
33
44
61
23
31
17
59
52
49
27
20
31
28
62
64
97
24
27
17
74
51
52
18
84
100
30
29
21
21
67
91
65
34
61
92
21
97
86
85
61
21
20
95
60
31
33
62
32
70
89
60
86
91
28
83
73
54
93
56
24
26
17
52
68
76
33
36
61
50
80
39
68
35
100
100
19
36
82
98
83
77
46
28
68
64
84
67
39
51
27
46
57
67
78
62
41
88
38
97
46
12
18
37
19
47
41
56
64
36
91
49
55
72
33
57
86
53
20
39
76
47
46
51
96
94
49
41
31
83
92
81
13
60
87
39
98
59
61
93
13
55
79
68
35
15
16
69
15
52
52
70
67
64
47
55
25
85
76
23
73
53
29
44
73
55
91
66
12
80
76
75
56
82
30
25
21
20
90
28
19
23
36
62
20
84
13
55
73
30
85
72
27
13
20
97
66
33
91
100
73
58
57
31
35
59
74
10
43
62
80
32
83
39
81
97
50
18
90
81
82
43
100
33
52
92
22
28
50
18
33
25
55
96
79
97
38
15
60
64
86
17
68
81
41
81
76
81
60
38
53
50
70
15
39
58
59
65
99
82
63
28
33
70
49
47
90
98
82
96
42
49
53
45
87
88
11
86
36
37
87
86
45
47
31
81
25
79
73
54
93
83
32
68
90
92
54
76
66
100
29
47
80
63
54
43
46
45
39
72
58
31
55
55
56
32
96
33
35
40
29
65
17
51
11
19
44
37
20
75
52
53
49
62
56
26
64
10
70
33
28
91
61
89
98
91
92
72
20
68
74
96
96
47
27
65
91
77
40
54
35
72
10
26
76
45
67
40
54
33
38
58
33
45
56
26
85
65
60
24
79
84
14
58
89
55
60
44
58
80
27
52
30
51
11
90
14
14
34
89
50
46
58
70
41
53
77
37
80
11
41
15
58
96
74
63
83
47
44
36
50
47
62
