93
32
19
65
30
46
42
58
19
20
53
64
43
60
51
74
47
26
74
50
27
22
63
61
83
40
38
24
95
44
19
39
98
13
51
59
43
92
45
94
23
34
24
87
88
20
89
71
99
54
37
10
40
80
85
34
80
38
61
60
15
33
23
36
46
12
27
26
46
11
43
55
40
30
57
12
58
18
72
66
68
62
49
53
17
47
71
14
84
93
56
21
75
50
59
13
73
51
51
82
66
35
91
62
99
63
33
89
26
48
54
84
35
68
15
37
87
46
95
92
63
12
35
96
46
12
41
68
81
81
44
87
76
97
84
82
94
71
20
40
51
51
73
95
77
83
66
50
26
54
68
80
77
62
33
89
98
38
74
81
31
45
35
38
49
36
24
74
81
63
68
11
26
39
13
18
64
35
16
59
36
42
75
61
52
62
57
58
31
45
57
75
100
52
46
19
21
16
80
91
28
57
37
19
27
29
76
46
93
42
57
16
63
89
30
52
30
67
49
64
98
32
78
88
61
74
60
40
86
44
78
100
71
33
73
43
49
80
26
35
20
86
77
91
76
24
82
58
44
69
20
42
92
80
37
29
36
34
59
77
65
21
13
82
71
34
31
98
10
66
81
49
61
88
48
27
93
56
86
58
67
66
47
52
41
22
98
70
59
74
100
45
94
58
21
29
82
56
32
54
50
38
42
27
94
37
64
17
52
79
47
45
67
79
23
80
10
15
74
32
18
58
55
85
50
97
93
93
63
10
38
49
97
89
36
48
90
47
56
30
13
37
49
70
68
48
98
71
91
50
26
87
40
40
10
10
34
40
43
64
35
18
41
63
97
14
31
70
51
97
35
81
81
80
53
38
29
70
78
80
54
14
94
85
50
29
29
36
56
44
10
10
13
32
66
18
27
61
65
50
48
79
52
73
91
96
33
48
43
31
70
84
73
46
63
30
69
54
46
36
55
50
16
49
32
39
91
80
73
15
86
64
23
58
25
56
74
21
13
66
23
91
97
11
56
38
60
60
55
29
42
16
63
22
67
69
22
20
100
76
26
93
49
60
49
76
47
60
43
59
100
53
13
100
50
70
85
32
70
48
12
15
90
33
36
98
71
48
20
60
33
77
74
81
49
12
83
67
44
78
92
32
95
52
55
51
60
90
55
19
26
11
61
49
49
58
82
77
22
28
92
71
62
60
92
43
93
40
14
59
45
97
12
45
85
93
63
91
21
14
80
25
19
84
42
67
55
80
14
47
87
73
50
11
62
37
28
25
59
15
26
22
45
40
94
46
69
14
63
48
72
31
27
81
12
45
34
63
71
16
92
38
54
74
39
88
79
58
71
45
86
20
11
19
85
67
49
48
16
62
40
87
90
89
66
82
67
25
61
26
10
49
28
81
66
12
99
56
24
93
33
60
44
49
46
67
59
53
81
96
78
63
42
29
80
46
26
83
89
74
69
70
79
22
24
60
22
56
17
87
49
90
77
57
67
85
92
48
59
100
33
23
46
89
62
42
29
28
82
52
31
27
43
31
99
88
79
48
100
35
65
12
28
33
33
36
73
28
70
65
91
87
75
28
67
67
52
84
81
73
83
47
51
100
54
80
44
94
57
69
82
27
100
95
33
98
31
26
61
34
97
46
68
74
32
44
56
51
27
86
82
18
27
67
57
26
48
95
10
31
76
84
56
32
90
38
23
40
10
26
83
23
23
33
33
17
92
47
61
63
78
94
62
11
53
42
78
47
51
33
100
83
72
43
69
60
64
65
63
91
87
30
11
97
15
67
70
74
65
15
13
69
98
44
55
25
21
78
77
25
13
71
94
69
97
58
95
76
32
82
54
42
28
42
90
77
31
95
61
62
49
69
51
70
49
89
19
71
66
16
80
91
24
59
40
29
17
51
79
76
73
35
87
68
25
36
11
29
100
99
68
29
24
21
81
71
91
87
76
87
28
92
21
55
47
50
48
28
31
91
98
89
40
49
98
30
48
65
85
42
56
33
100
22
26
28
41
56
85
49
43
68
36
35
10
11
46
73
58
94
46
99
61
52
49
37
64
65
96
65
54
56
24
37
84
71
42
27
54
62
21
53
62
40
30
39
51
60
35
28
100
90
71
17
15
58
13
39
100
14
65
84
45
33
52
92
12
82
19
15
32
40
40
90
75
90
67
23
82
54
57
59
100
86
16
61
68
34
98
63
37
70
97
34
55
76
59
28
69
33
60
93
97
63
69
68
33
24
70
16
64
91
23
34
61
33
72
88
40
61
36
39
15
42
68
58
31
17
31
80
18
11
61
82
83
59
46
94
13
22
49
91
69
43
59
11
40
48
76
16
33
34
31
59
65
42
18
95
24
79
36
76
58
77
19
66
82
70
25
31
59
54
59
79
82
27
73
86
26
41
18
44
61
14
59
91
67
73
97
57
82
47
81
18
20
100
77
53
64
82
80
26
29
21
47
35
77
50
28
75
91
75
74
85
37
50
37
38
10
31
38
68
28
88
87
97
60
53
26
95
75
82
25
19
93
82
78
35
98
31
84
56
78
60
96
84
65
72
91
11
45
22
35
70
91
35
55
89
67
25
52
97
67
45
15
18
28
83
93
95
18
37
68
18
43
76
38
29
68
37
87
74
36
68
42
93
63
22
61
56
100
45
41
19
14
19
45
36
52
44
53
10
67
59
93
45
49
53
80
53
29
23
23
82
92
10
86
41
80
73
96
23
74
12
76
51
33
75
63
70
45
79
74
96
100
90
37
34
17
72
95
78
84
79
84
94
51
90
33
62
99
31
76
87
44
100
49
44
66
20
95
13
84
44
29
87
95
73
83
82
30
25
21
97
48
56
19
48
28
52
71
41
21
69
44
56
55
50
10
66
76
32
21
70
94
71
22
32
56
63
38
27
88
28
86
82
56
64
65
96
84
35
86
19
46
21
78
58
69
25
37
25
28
55
73
17
33
16
87
98
37
51
88
36
57
40
16
74
33
81
45
38
80
78
41
84
81
19
71
65
52
94
86
28
80
32
66
57
15
31
69
39
92
62
92
76
11
26
84
76
14
14
65
97
25
23
40
19
17
17
51
58
60
87
96
93
46
98
22
22
43
35
10
20
35
43
99
65
99
30
69
53
66
44
75
21
85
69
72
25
32
54
29
51
89
78
58
22
35
68
44
25
94
42
53
59
27
42
39
94
60
17
66
81
72
85
36
53
13
52
33
73
82
97
19
52
72
14
63
31
98
73
26
21
93
81
69
83
24
10
37
50
41
14
75
14
35
62
14
32
80
87
18
24
18
86
47
99
87
54
66
49
83
35
62
87
100
77
46
55
22
43
14
43
66
79
45
72
42
63
14
70
20
95
90
46
43
33
89
10
46
76
86
70
48
80
26
66
55
19
19
69
76
15
46
13
69
62
15
58
86
92
14
71
43
92
57
59
42
27
75
33
33
22
26
20
74
12
20
52
93
83
61
19
78
73
74
27
11
61
89
30
68
64
81
40
50
49
45
95
59
40
62
80
38
54
95
82
49
37
29
52
65
93
39
77
41
13
42
19
59
38
55
46
72
51
15
50
100
54
17
24
93
97
98
58
64
89
73
37
60
80
82
74
40
61
77
27
85
39
80
92
61
43
51
58
30
40
91
83
96
95
55
24
85
80
97
49
25
35
15
72
76
96
11
22
60
27
56
57
30
64
68
37
44
74
45
75
86
81
66
81
63
86
24
42
39
93
16
43
26
58
10
66
64
89
93
53
47
28
50
52
88
64
57
20
54
16
70
68
46
94
18
95
74
12
17
42
81
69
82
61
83
72
21
82
29
77
25
56
44
74
62
73
27
65
14
70
12
90
84
12
59
80
36
45
70
43
16
30
87
81
10
82
63
45
19
57
15
28
76
76
72
93
20
73
25
96
73
16
75
65
86
82
28
22
89
98
98
26
35
40
46
87
18
48
22
76
18
33
25
38
71
21
42
91
91
77
51
62
39
39
35
99
18
38
73
62
93
64
23
97
23
81
92
42
88
20
51
47
63
37
91
12
78
62
47
99
89
97
14
32
76
47
96
97
27
75
80
24
59
48
23
59
68
42
41
45
45
14
84
61
90
86
49
66
75
86
97
30
76
43
57
94
99
40
100
91
77
82
37
26
62
91
55
87
49
43
41
84
93
41
56
19
59
17
47
55
38
13
45
70
31
48
64
100
93
57
49
23
78
71
70
35
56
97
93
19
27
37
39
34
26
82
35
70
22
50
43
52
59
22
52
57
47
91
48
85
12
50
93
45
22
41
44
36
73
22
52
76
15
48
97
39
46
99
32
90
56
45
92
43
20
71
36
82
29
11
48
16
76
36
99
31
60
23
71
12
28
77
94
29
59
30
75
74
88
42
81
45
31
57
73
75
84
76
15
78
88
49
91
82
71
26
11
40
32
12
97
44
55
33
88
11
21
72
58
67
46
75
26
28
84
72
96
57
46
26
80
65
54
70
74
83
38
47
83
68
88
54
29
19
55
91
68
12
22
75
88
65
29
40
38
70
77
43
58
62
91
30
70
97
37
100
81
15
63
99
62
68
37
10
17
47
91
95
32
92
16
65
27
97
66
13
40
65
75
55
64
52
94
26
16
64
82
30
35
73
35
85
87
83
67
12
56
44
59
38
68
77
58
77
90
47
41
83
16
35
63
45
47
47
94
57
85
98
17
88
19
64
35
79
42
56
45
59
53
54
74
29
100
79
77
67
27
27
95
78
95
31
65
99
76
24
100
73
86
10
84
53
17
42
19
21
41
26
90
89
30
45
12
59
11
36
63
65
59
10
43
77
43
30
43
17
42
27
71
47
48
85
74
93
54
67
69
24
73
84
99
17
87
14
61
53
17
11
84
99
96
40
50
11
46
18
84
42
64
25
12
64
87
17
86
76
87
85
65
38
26
47
32
75
97
69
96
32
31
42
94
49
100
47
56
59
25
95
86
50
85
30
84
58
43
28
89
17
47
49
19
80
76
47
57
17
37
57
64
38
70
38
96
64
56
53
77
26
23
33
40
29
11
63
14
68
21
65
11
95
85
32
36
86
13
54
83
19
11
27
32
57
44
92
36
79
18
21
55
39
71
88
73
46
33
85
75
42
22
95
56
89
91
46
44
18
62
53
81
30
73
23
27
34
79
52
25
47
59
62
51
54
70
21
63
100
29
25
96
98
92
15
55
58
55
35
58
61
29
57
45
77
95
44
75
42
32
76
65
90
12
85
55
41
64
17
27
96
42
87
35
26
95
39
14
86
51
66
59
74
35
22
62
98
42
90
68
45
74
55
70
10
87
71
69
17
88
33
97
32
43
33
53
76
78
85
56
40
57
89
18
48
31
15
36
53
65
80
14
83
27
36
13
65
99
30
16
47
85
60
44
92
18
98
38
20
70
63
42
63
77
32
96
72
52
29
44
11
45
93
44
67
77
62
37
46
70
44
31
82
28
95
17
100
20
13
28
96
96
55
53
14
70
80
25
19
14
62
34
59
94
52
51
37
21
90
85
70
90
35
100
62
100
28
56
74
41
23
41
27
15
68
79
91
17
61
78
52
100
67
100
62
12
87
94
24
64
51
73
77
56
99
52
24
39
40
98
87
47
13
12
37
22
44
12
88
15
47
96
13
36
68
23
62
76
13
42
86
42
57
100
29
33
92
55
33
49
72
73
50
43
86
42
19
20
34
50
31
19
55
55
63
23
68
71
60
86
43
30
65
44
96
15
19
76
72
53
82
60
37
68
95
59
45
47
27
65
30
35
51
67
20
55
57
61
77
75
10
47
73
58
37
26
14
33
71
26
81
29
87
21
64
84
69
90
74
59
75
79
47
62
83
49
53
47
86
97
40
30
38
15
91
71
59
82
38
78
27
92
98
52
94
63
38
51
36
16
16
83
87
86
23
73
34
93
51
37
30
52
39
17
39
95
72
15
97
11
86
74
100
12
92
88
98
68
39
59
96
42
47
10
29
62
26
44
27
51
77
67
40
55
25
18
95
86
94
82
79
84
22
67
13
52
42
92
47
87
78
87
34
92
90
100
67
53
65
27
16
19
66
66
92
53
61
46
49
100
87
88
37
67
79
62
77
69
86
42
71
29
75
69
78
75
91
77
70
92
93
30
12
84
88
31
57
54
96
57
38
86
36
58
31
62
36
17
89
23
66
72
25
44
73
19
30
69
96
82
98
45
81
88
69
64
81
93
92
42
14
42
82
86
72
89
88
51
43
100
55
74
17
45
19
36
75
70
51
58
100
50
64
24
34
42
23
55
98
77
22
56
71
77
54
50
53
68
49
18
20
38
51
49
56
10
24
68
96
48
18
56
48
76
43
98
36
72
25
25
33
38
42
97
36
48
51
45
20
20
38
52
27
72
15
90
59
44
40
44
69
77
64
51
98
51
10
99
59
53
52
62
43
88
26
94
86
17
16
51
63
93
85
75
29
89
55
46
70
41
33
87
56
46
91
18
71
83
90
87
54
53
76
82
76
97
53
11
71
64
38
100
99
41
64
63
45
90
54
23
48
65
42
21
44
35
81
35
49
27
78
52
78
28
74
84
30
39
41
98
26
67
67
96
33
45
98
23
82
63
69
88
43
21
57
63
39
10
34
38
76
52
27
72
52
74
59
19
74
23
26
97
93
26
12
62
19
13
41
76
46
10
70
89
67
15
49
19
97
59
38
20
62
29
12
66
42
21
30
21
25
49
33
97
48
47
16
93
71
75
58
60
78
15
12
11
67
30
69
78
32
90
86
70
38
40
82
46
28
95
18
20
31
97
96
61
37
49
13
22
57
22
53
47
85
19
45
64
53
33
40
61
82
91
27
56
76
81
94
88
31
62
15
69
26
73
14
74
25
61
37
31
41
57
84
21
74
34
95
80
11
47
17
55
31
78
13
61
82
11
81
57
39
47
46
14
18
97
21
89
43
99
17
27
83
92
23
61
15
42
86
86
88
81
34
20
87
60
93
57
67
49
80
49
86
66
47
56
97
69
53
88
24
49
69
77
53
30
24
52
81
61
54
61
85
90
93
40
74
40
68
81
22
40
36
31
81
19
86
18
81
92
100
19
23
70
66
95
87
17
32
51
25
88
14
93
16
65
57
82
74
94
98
81
81
98
83
24
79
13
66
48
56
41
83
40
51
69
25
60
47
50
73
31
21
82
98
98
10
39
11
16
46
11
51
18
61
54
45
16
12
50
20
19
47
53
35
60
18
29
99
52
86
20
65
21
75
37
45
41
65
99
24
31
85
16
13
87
47
98
29
40
79
72
95
57
42
57
85
26
42
75
85
53
74
86
15
56
85
77
30
44
17
96
81
32
60
26
17
79
66
56
77
50
12
37
83
76
48
42
39
25
85
41
36
43
40
30
12
16
93
32
93
37
96
26
97
87
64
75
92
94
28
97
93
87
94
99
13
39
54
25
100
28
38
45
60
93
55
94
19
49
57
64
19
44
94
75
57
87
82
91
66
75
87
82
13
13
23
22
13
10
57
92
12
70
11
29
24
49
99
12
10
100
21
92
70
92
86
58
45
54
100
85
40
99
17
69
50
78
42
23
85
42
69
69
68
83
98
60
97
19
51
48
33
57
26
75
22
55
29
67
43
98
60
43
54
43
16
32
65
88
34
42
51
73
42
84
60
78
75
60
15
67
54
50
13
75
94
37
82
51
79
33
50
37
64
95
44
23
74
42
74
66
100
95
56
54
65
74
23
78
77
91
29
85
88
10
38
69
33
59
38
15
33
86
92
100
27
75
60
68
89
48
47
19
43
22
56
37
22
95
82
35
67
51
42
68
83
98
67
18
56
97
48
95
77
65
59
57
96
46
18
76
22
74
96
38
14
56
67
72
71
14
84
45
24
57
42
100
29
96
61
100
98
90
25
70
44
32
33
90
88
59
83
33
46
74
91
95
75
30
88
68
96
40
41
37
95
49
79
26
30
82
95
99
36
28
91
44
34
10
32
85
46
85
92
52
96
56
78
44
95
78
39
43
78
96
52
100
24
53
83
88
18
97
89
94
57
40
99
58
90
61
24
76
66
10
16
96
47
90
33
49
64
44
42
79
63
70
66
63
32
11
90
46
69
18
54
19
36
49
69
37
16
31
53
89
88
51
24
94
96
83
81
39
78
87
69
92
21
57
92
38
76
38
25
34
11
37
82
37
92
34
91
17
71
22
19
25
47
52
21
47
37
63
17
15
24
62
99
32
92
80
51
84
58
100
94
18
48
51
48
36
99
88
18
57
74
99
72
31
73
85
70
67
15
10
50
23
80
63
49
55
82
40
31
18
91
91
38
13
63
63
95
30
82
60
26
81
43
97
13
21
71
21
54
29
54
15
90
73
14
26
73
60
35
68
14
41
60
56
31
34
33
38
31
46
56
86
13
76
10
12
66
39
10
21
75
53
44
55
75
14
25
60
29
90
46
89
17
88
16
82
46
