92
71
57
88
21
33
92
21
97
99
69
80
35
19
25
78
84
60
34
22
26
63
29
45
70
66
96
54
59
77
84
65
25
77
16
30
14
74
16
34
96
85
70
47
45
66
98
88
82
90
73
50
84
81
96
59
25
97
47
88
54
10
84
87
54
46
27
56
31
90
30
33
80
77
81
76
13
22
88
18
84
30
28
83
67
40
43
69
37
32
29
41
49
100
24
58
61
98
22
46
28
69
91
26
28
94
61
76
94
41
59
71
35
31
12
95
12
32
13
73
27
22
86
94
14
74
88
45
99
68
11
25
23
16
100
71
99
25
41
12
66
80
76
28
62
66
89
73
26
27
90
91
13
99
72
99
38
67
97
24
19
13
53
90
92
60
21
67
34
20
43
99
76
59
26
54
80
47
22
46
69
75
27
46
27
54
80
24
34
90
36
80
29
41
80
46
57
64
60
40
41
18
45
32
19
37
32
76
15
80
42
53
50
64
52
52
91
94
100
84
46
53
98
72
21
15
77
30
30
98
43
40
87
22
73
26
69
57
53
76
35
24
43
44
94
88
85
19
84
26
23
18
52
15
36
90
11
32
13
54
36
99
17
12
56
33
69
10
23
62
29
21
62
69
22
64
51
89
55
81
89
25
91
57
57
15
15
47
10
91
24
29
96
51
83
91
25
31
66
41
91
83
39
58
55
82
63
69
80
68
41
39
71
46
17
28
29
85
45
12
24
72
65
32
74
72
67
53
88
89
15
46
91
70
39
38
73
38
68
52
42
65
19
81
46
23
78
27
39
53
100
81
34
42
56
70
68
38
15
93
86
70
41
76
64
46
56
20
98
79
42
80
58
32
81
12
62
86
63
33
29
11
42
56
85
16
17
21
39
53
26
42
50
26
64
73
94
93
72
20
98
94
33
90
18
73
14
81
82
47
15
63
92
69
54
25
73
93
76
14
41
39
72
57
38
24
87
38
85
81
41
31
40
46
59
52
25
75
97
78
64
79
66
59
84
48
15
63
26
58
86
53
87
95
62
84
70
71
81
56
50
34
53
11
94
33
14
67
60
46
28
89
15
58
71
85
80
10
21
40
24
60
65
17
53
49
69
20
30
34
99
34
63
51
57
21
21
14
98
30
87
82
45
34
26
40
15
56
59
74
37
80
74
23
52
65
88
88
15
30
42
73
86
78
97
32
44
23
43
69
89
37
59
93
99
75
100
75
60
92
51
93
36
62
98
29
89
80
50
24
19
92
62
29
75
11
22
83
55
47
47
92
20
52
14
72
100
64
96
76
15
91
62
51
81
50
25
79
37
24
25
62
94
12
29
31
64
37
77
76
31
40
46
55
94
97
36
81
68
98
96
85
17
34
12
92
56
53
17
18
61
35
35
46
72
87
97
92
58
96
100
64
84
80
33
65
53
82
14
22
39
11
71
71
23
17
96
53
67
52
41
91
35
81
48
37
60
95
55
82
30
92
69
35
75
73
88
81
50
29
51
85
10
10
66
79
60
15
47
15
47
18
58
35
89
61
36
95
16
24
15
43
14
44
95
37
10
35
32
31
26
70
55
39
38
99
42
63
38
33
77
65
13
21
55
14
51
55
78
71
20
19
81
92
89
77
12
10
68
71
69
36
55
33
81
100
34
15
68
88
10
65
49
32
18
40
73
17
62
17
12
35
41
22
21
70
50
66
38
56
47
89
14
22
98
41
18
71
11
79
62
49
95
79
75
63
58
66
24
64
92
31
17
82
61
14
99
16
45
22
36
64
67
43
84
95
27
45
81
40
22
100
44
52
27
98
66
32
25
73
52
60
62
93
33
25
71
21
69
97
84
44
61
63
59
78
92
35
15
38
81
67
91
17
66
95
28
93
58
51
37
55
94
52
61
74
79
99
50
92
44
46
94
20
17
69
72
77
15
81
47
46
54
57
45
84
23
83
52
17
14
91
74
32
99
64
34
84
82
71
60
90
54
82
91
23
42
95
14
92
27
25
94
35
20
57
66
59
22
29
23
84
45
42
40
34
93
62
12
30
86
83
93
49
43
50
83
31
81
52
54
42
88
86
68
79
88
27
23
74
59
69
93
30
83
40
91
46
61
57
57
32
100
97
79
52
15
50
35
57
71
81
81
70
13
67
100
70
84
34
18
50
44
10
93
41
57
69
74
57
91
20
50
89
69
56
79
99
24
57
76
95
96
11
84
88
54
23
90
89
65
91
98
29
76
40
40
15
12
10
57
68
88
87
84
14
70
79
25
87
59
13
91
33
70
55
51
37
88
78
17
24
83
100
73
99
20
83
64
29
68
86
42
50
53
73
73
71
32
76
13
45
32
16
28
23
94
16
67
45
15
76
79
30
39
47
66
30
38
67
12
87
71
28
96
84
59
48
17
11
90
28
59
39
27
53
55
56
79
77
42
74
84
17
95
93
36
26
15
79
68
72
79
89
87
62
57
50
31
37
59
47
80
82
96
53
66
68
15
24
100
90
76
44
66
73
54
76
80
78
18
49
73
57
20
21
22
64
34
55
61
87
21
95
30
24
14
64
15
69
68
100
53
14
80
17
67
86
36
99
84
61
47
68
23
16
74
38
12
46
60
58
51
52
22
74
74
84
74
83
90
50
73
66
17
77
43
16
41
83
93
95
63
59
97
68
14
85
48
86
11
17
26
83
89
62
84
81
100
65
49
79
22
50
36
75
28
56
29
50
45
93
82
44
96
28
10
67
10
47
25
80
98
40
76
75
30
71
26
24
37
88
53
20
29
91
29
69
30
88
30
48
11
100
11
58
62
28
84
92
100
100
16
24
71
62
53
15
69
43
24
50
31
90
21
52
90
49
16
84
40
99
49
96
47
57
25
52
80
40
85
26
76
73
89
39
45
79
78
50
26
59
86
55
50
19
12
43
79
95
92
88
93
60
51
55
15
10
83
45
59
100
20
72
31
30
56
49
23
10
99
77
73
75
66
15
54
57
80
73
43
10
46
31
81
95
53
29
29
17
97
36
36
52
32
80
17
19
22
54
74
66
42
31
75
34
64
49
20
19
92
48
93
62
84
21
96
30
32
18
32
59
54
28
44
72
66
65
47
28
43
27
77
44
60
83
26
11
17
15
62
47
83
96
96
25
82
50
37
62
24
94
68
85
53
54
11
79
19
58
92
91
93
29
17
45
15
41
36
93
42
38
73
76
24
90
46
59
91
64
50
57
37
99
47
36
63
16
70
75
69
67
19
76
10
77
16
68
75
60
73
90
69
61
62
59
95
56
22
80
63
26
81
73
58
78
55
56
47
19
69
69
12
76
65
83
71
20
99
88
65
67
87
75
59
34
56
16
22
65
48
10
40
21
39
21
41
42
57
44
72
57
37
97
66
55
75
78
14
19
