64
82
44
11
79
69
52
39
55
28
69
96
50
55
88
70
88
64
14
21
59
53
47
18
90
79
54
31
27
72
48
87
33
91
16
86
66
10
50
35
51
75
76
99
51
19
11
41
47
41
91
13
90
19
45
69
22
85
35
40
89
89
42
32
12
91
87
21
98
23
14
13
58
35
44
32
45
25
49
94
75
63
24
57
74
98
92
21
59
24
43
59
74
28
13
58
57
79
36
14
48
71
34
67
71
13
89
69
74
16
90
41
38
91
63
42
97
11
57
97
19
53
98
24
41
40
77
97
75
86
56
18
76
40
77
26
55
91
64
66
89
15
45
62
54
58
42
36
41
24
70
43
46
62
86
47
46
70
12
25
57
86
81
70
54
73
77
55
63
90
12
36
43
28
80
98
44
51
15
22
40
79
34
51
32
81
81
22
58
28
52
43
46
64
59
42
66
70
48
83
81
16
60
43
81
59
25
39
85
61
39
54
23
30
15
75
27
97
69
42
22
79
88
24
44
46
29
78
80
82
53
34
30
70
12
32
29
34
85
39
60
84
36
96
57
94
35
90
94
57
87
34
79
89
36
43
16
93
63
97
10
68
13
63
42
75
28
76
32
23
73
27
37
60
63
83
84
64
62
54
61
54
13
73
82
30
50
75
59
30
20
42
34
54
100
76
90
83
51
81
42
53
42
39
85
63
95
51
25
77
59
51
93
69
98
50
74
27
99
37
26
22
59
54
13
35
98
71
58
86
62
85
84
63
22
51
41
80
16
48
69
71
41
74
100
48
81
13
17
30
67
94
21
20
64
55
20
45
26
48
45
60
70
74
52
70
47
14
75
14
14
55
15
11
83
79
86
65
65
42
33
69
14
12
32
96
72
44
48
99
27
74
54
14
64
48
99
64
55
13
67
55
77
29
16
53
70
25
33
33
75
93
39
16
10
89
58
37
45
21
80
62
52
62
50
100
100
54
42
49
89
57
31
35
30
38
61
95
10
100
55
43
78
90
47
67
48
41
90
62
100
74
36
13
90
61
91
52
56
90
78
30
47
41
38
87
47
92
20
68
35
12
41
49
66
41
28
95
69
46
85
91
84
66
12
97
33
72
37
65
11
33
95
24
17
15
53
59
33
82
100
100
21
95
12
14
51
71
85
24
17
87
18
23
30
13
54
16
95
39
36
25
100
67
39
45
65
74
58
76
84
68
73
12
61
61
58
89
69
83
10
86
34
60
14
11
92
50
76
45
38
21
60
51
98
31
11
98
92
79
78
23
80
55
97
18
10
85
19
68
97
11
34
10
89
29
52
64
93
52
91
41
93
88
71
98
92
18
43
35
53
45
57
91
64
83
59
10
79
36
83
39
96
55
37
92
84
29
76
67
21
80
49
18
76
74
82
54
38
42
97
15
29
82
86
15
46
63
20
36
16
60
64
40
62
97
45
80
67
56
22
65
74
96
19
83
60
21
95
58
72
25
60
81
28
52
86
23
70
15
28
61
65
80
19
48
98
64
37
65
95
71
70
55
40
67
12
54
53
23
97
61
55
34
29
25
46
30
99
75
50
87
39
31
31
95
92
24
86
34
21
14
84
52
70
55
20
95
44
51
51
53
28
77
48
76
62
50
29
100
46
71
21
70
50
17
35
90
42
78
63
11
81
79
41
77
97
70
73
80
22
77
80
57
39
83
45
51
59
64
13
55
73
96
51
19
89
74
37
14
70
43
43
12
99
50
87
88
75
78
93
23
10
85
75
80
38
45
57
98
42
90
85
24
38
47
29
76
44
72
78
36
52
21
52
80
43
68
50
67
19
33
12
27
13
16
22
13
68
91
79
87
75
28
71
33
87
50
59
45
56
32
86
49
46
47
89
94
70
85
64
67
52
99
28
34
51
65
58
20
54
22
90
79
80
25
82
36
37
30
29
54
63
47
10
84
89
87
97
14
99
34
94
42
51
62
16
89
36
46
96
98
37
79
80
78
74
51
98
90
93
10
65
54
10
78
11
50
99
31
90
94
59
68
44
29
56
39
40
36
41
86
91
80
38
75
92
100
46
71
54
13
32
64
40
71
18
33
75
53
98
35
42
51
10
34
70
41
54
42
25
82
32
78
77
28
82
63
49
96
40
30
66
66
33
92
69
17
34
83
45
65
39
93
98
36
60
16
10
29
46
81
67
18
90
42
53
26
53
95
38
26
54
42
71
98
86
36
13
84
69
78
98
13
68
74
11
61
82
31
39
21
26
19
64
10
78
46
86
80
76
99
92
65
12
52
26
10
11
33
13
56
97
24
16
19
76
17
34
92
57
86
87
91
75
31
30
51
14
90
18
55
19
81
18
51
28
26
31
37
52
24
50
65
76
11
44
85
93
39
26
77
68
87
33
45
53
18
95
17
90
64
65
26
28
12
57
33
19
57
89
75
87
88
56
32
64
12
63
10
78
13
84
68
13
73
65
67
31
93
39
41
48
73
29
45
77
22
28
61
57
25
16
79
23
73
98
69
26
44
26
85
87
22
46
55
36
11
11
50
71
32
54
39
88
29
61
85
22
53
81
53
63
75
39
56
67
31
99
43
84
46
24
44
23
36
48
81
31
73
70
25
54
79
70
70
55
54
80
94
33
47
10
94
48
46
16
53
95
62
85
16
20
73
86
53
52
88
85
18
63
14
14
62
76
63
66
77
68
75
17
22
21
28
85
98
22
65
18
57
31
85
31
92
45
15
14
36
95
64
31
69
44
41
39
32
17
73
60
28
85
21
99
17
66
22
20
92
82
29
60
19
24
14
10
36
100
80
45
58
18
95
97
97
11
71
83
22
59
81
68
23
89
81
55
48
34
94
11
69
31
43
72
76
55
58
99
86
44
66
97
72
49
94
82
59
58
72
74
66
39
24
64
34
84
46
48
53
29
56
36
99
23
11
22
42
56
10
98
90
94
92
65
46
37
90
46
41
24
79
39
70
65
81
99
99
72
40
69
51
78
44
81
57
98
98
24
44
94
41
41
60
84
26
32
96
20
90
32
52
30
88
92
10
87
19
100
85
30
13
58
88
33
15
25
93
35
29
11
99
41
53
12
41
82
64
47
10
33
17
77
59
56
69
44
55
77
11
53
26
57
50
52
99
42
72
12
19
23
47
37
21
67
69
77
89
88
76
68
95
15
95
91
66
73
55
37
98
45
93
32
23
79
15
70
90
82
16
57
35
66
19
11
69
80
10
21
83
26
33
42
92
79
43
30
81
92
73
46
54
34
93
10
32
95
94
52
88
94
17
88
26
62
63
18
41
30
77
15
19
55
72
100
91
90
21
77
61
82
30
93
44
66
86
55
49
23
45
30
36
73
67
68
68
86
43
59
88
81
70
52
39
74
61
38
70
98
23
70
78
66
75
80
100
52
14
29
14
49
34
30
16
66
98
64
26
31
93
25
82
56
84
56
93
98
78
14
20
14
100
73
64
57
74
45
80
14
76
27
30
30
97
67
13
17
39
19
12
71
86
37
65
83
52
68
66
15
36
87
25
18
72
18
64
12
62
43
55
99
18
98
44
40
78
78
90
86
94
72
81
93
80
64
27
92
83
34
73
36
67
71
27
77
28
90
34
89
54
22
98
12
43
85
75
72
50
82
94
67
39
33
10
12
12
28
93
67
76
92
80
40
81
17
45
81
39
96
58
55
74
100
90
50
22
57
15
73
92
33
52
62
18
99
84
92
20
91
34
78
29
11
76
15
39
48
25
70
13
73
33
69
39
26
89
73
41
10
16
19
63
74
72
76
86
73
33
55
13
94
98
10
61
73
10
32
85
18
82
45
33
96
63
56
97
86
77
25
74
44
11
56
59
35
37
92
31
10
24
12
30
12
58
57
41
69
32
20
60
22
37
47
64
65
95
66
54
62
46
70
54
49
43
58
90
55
32
32
55
66
98
85
88
26
52
14
61
78
51
40
71
51
62
28
70
77
70
13
45
60
23
68
63
54
84
54
28
90
89
22
73
32
19
92
90
21
16
97
27
48
21
38
84
93
72
22
86
77
10
84
71
84
31
92
64
71
15
16
67
15
20
30
37
84
16
33
36
94
44
84
80
72
60
88
29
86
81
50
79
75
63
25
58
16
71
24
20
85
40
98
49
42
86
17
53
62
68
56
67
71
86
33
18
16
11
96
83
30
59
90
56
100
77
25
59
74
100
19
98
55
37
21
55
51
85
77
71
100
95
20
76
95
22
38
18
51
41
62
16
63
11
82
88
67
56
66
28
43
37
97
94
60
22
31
69
51
61
35
59
71
14
17
58
69
40
88
68
68
23
42
33
31
22
57
53
90
15
62
24
85
37
53
23
71
41
94
86
82
26
30
76
23
41
70
86
79
85
12
40
73
57
51
74
10
75
70
21
39
65
67
45
40
52
49
43
47
13
72
19
62
49
58
86
86
71
45
86
28
42
20
65
84
98
45
31
61
25
23
57
97
99
63
82
85
14
83
46
31
57
89
81
62
21
98
17
15
53
28
32
95
30
87
73
46
24
27
81
52
76
71
73
100
64
41
83
57
17
38
37
39
85
48
93
30
50
57
98
47
55
44
32
40
14
83
37
77
13
16
15
34
28
45
47
11
23
42
40
36
44
25
49
28
50
17
51
89
26
14
56
59
78
45
38
34
29
33
83
58
31
47
79
43
17
61
62
76
44
73
65
14
10
60
89
36
19
32
33
76
52
41
89
35
42
54
26
91
39
37
85
90
61
87
39
34
71
15
10
94
96
54
22
21
32
88
43
36
90
93
98
76
12
87
95
68
78
14
86
62
67
44
84
54
76
20
85
26
34
11
86
58
26
64
77
85
25
92
25
97
54
12
25
20
39
54
18
76
83
67
68
73
45
65
75
99
84
21
20
53
24
97
59
96
60
12
54
85
75
46
60
46
23
31
77
72
97
53
83
14
57
31
50
65
39
13
42
26
82
40
78
37
94
33
31
48
97
25
38
90
14
12
52
41
26
24
26
77
91
48
78
75
49
66
78
88
37
81
42
100
20
100
20
38
82
14
77
97
46
85
89
33
10
82
53
100
28
43
26
33
12
20
71
16
30
33
80
96
55
79
80
29
100
56
34
40
46
78
54
84
67
50
84
25
59
80
68
56
15
100
12
59
44
21
82
84
73
81
37
48
77
74
87
55
84
51
93
90
30
24
23
82
50
91
53
33
15
51
100
12
61
17
21
26
78
84
80
83
41
77
13
84
59
21
58
83
38
51
36
40
38
95
80
50
74
52
50
29
32
13
57
67
40
92
66
70
52
24
11
80
15
62
45
43
43
27
45
12
42
17
92
69
46
66
59
77
62
94
57
97
20
40
100
25
54
16
63
25
11
18
54
18
33
53
54
11
77
44
27
56
96
62
65
95
92
49
79
69
41
52
62
49
52
15
77
92
98
80
67
12
69
51
27
20
38
32
70
76
82
48
42
75
19
79
95
21
99
75
99
88
86
72
38
12
64
73
60
93
49
12
74
67
14
29
64
16
33
46
82
38
74
81
55
90
29
66
24
56
11
10
45
11
29
96
49
74
65
90
86
64
12
31
41
99
46
60
85
16
76
22
93
96
52
69
88
56
45
27
28
81
29
11
91
95
63
83
90
52
97
34
15
36
16
11
86
10
27
65
31
88
71
43
25
35
83
94
48
28
11
19
66
45
77
59
41
99
28
19
32
48
16
55
66
83
24
31
62
84
91
31
47
70
24
19
42
55
99
15
95
81
27
63
86
18
33
72
13
72
80
99
35
91
18
46
34
59
38
30
43
77
87
54
54
13
16
65
92
91
10
90
30
57
71
14
84
56
60
93
12
62
36
80
98
86
98
23
54
80
36
59
29
96
53
54
84
36
94
15
76
12
65
96
20
46
91
66
11
91
45
23
55
68
94
83
79
22
34
97
74
61
100
36
35
35
19
66
83
30
60
83
45
99
87
42
42
12
51
72
83
45
68
83
72
53
15
51
48
90
36
17
43
31
81
87
13
51
27
33
51
100
32
39
38
47
79
62
64
87
16
15
37
82
64
73
43
15
20
42
98
21
81
85
92
25
98
94
56
65
26
96
38
54
36
53
22
33
47
47
25
67
58
29
58
10
55
75
86
71
21
88
89
53
73
55
23
79
87
29
42
63
17
51
50
69
83
88
19
24
27
98
53
25
54
86
82
80
71
16
45
69
71
81
53
82
74
30
68
92
79
58
28
21
61
78
95
39
42
93
73
86
95
61
47
34
12
74
18
91
64
70
48
51
60
37
85
60
33
66
31
69
67
41
19
50
79
50
99
82
53
57
73
93
21
94
86
88
36
75
51
40
94
74
79
52
33
29
23
98
62
43
71
84
21
77
22
89
22
38
46
70
42
15
79
18
94
18
66
70
52
95
70
80
91
38
81
41
56
18
28
57
93
35
79
94
63
87
49
24
36
27
51
55
29
65
13
32
30
68
92
50
87
20
19
44
65
17
90
37
89
59
66
88
11
49
93
57
23
37
60
57
87
99
88
75
39
64
52
44
38
56
68
85
36
42
66
53
23
61
46
27
70
34
28
44
71
80
87
80
69
31
71
51
35
41
21
37
32
46
81
79
46
55
40
34
68
88
87
70
51
13
54
82
43
23
54
34
44
45
32
39
64
78
49
34
77
82
45
35
53
35
18
60
97
65
98
23
12
32
30
74
99
61
47
83
93
19
35
14
64
57
66
65
66
75
10
96
41
28
55
80
15
79
73
89
49
61
81
48
61
56
63
82
49
65
67
35
52
96
59
89
85
29
78
61
91
49
43
80
68
23
94
90
31
97
54
90
60
51
50
54
73
82
64
51
69
87
75
42
90
88
12
84
77
100
86
85
26
51
79
12
29
31
23
43
41
16
60
95
78
88
17
83
29
28
43
58
86
72
42
18
72
98
35
27
21
63
92
84
39
81
66
21
46
100
31
82
65
100
59
86
88
24
76
31
55
60
61
53
49
46
20
90
76
89
88
100
30
55
88
26
91
12
27
48
53
75
22
70
68
18
67
28
37
62
63
78
12
70
55
59
94
91
11
20
19
26
90
87
61
73
36
80
24
73
93
91
67
64
26
69
62
95
30
56
38
74
87
91
59
44
71
47
74
18
35
32
98
27
34
65
62
26
89
82
14
40
69
79
39
10
83
93
81
95
95
28
87
12
13
45
50
47
93
44
66
49
78
31
40
90
82
91
89
46
67
93
93
95
93
44
48
48
99
83
42
75
29
90
72
52
57
86
43
67
40
95
84
55
24
89
100
76
23
24
32
61
98
54
81
29
34
39
13
15
51
67
70
20
77
27
79
46
33
62
48
64
61
96
74
59
63
81
16
73
88
88
53
17
16
21
49
97
78
42
86
41
11
67
18
30
63
93
15
55
40
68
65
11
10
82
53
78
91
12
24
86
89
16
99
65
63
88
46
84
28
10
88
30
48
62
23
64
42
34
97
23
79
94
86
40
64
95
56
94
81
67
36
89
55
84
69
43
71
12
64
12
49
69
70
76
52
42
12
73
26
81
29
98
72
83
12
13
60
50
19
59
71
20
28
78
92
56
82
93
99
55
12
74
73
32
22
49
37
34
62
56
99
71
69
20
28
39
39
71
95
71
72
94
15
81
54
71
13
39
23
36
49
53
39
78
28
62
87
92
25
18
66
19
64
72
62
68
46
37
15
99
66
47
21
70
66
99
71
85
15
38
76
80
42
66
84
10
43
69
54
18
72
93
79
75
18
36
98
83
48
62
80
98
96
43
65
99
83
44
74
73
96
51
79
31
48
38
82
57
37
48
61
18
71
22
21
83
66
15
12
48
44
11
79
16
80
84
33
65
37
95
67
75
40
78
17
83
36
95
74
94
21
10
54
100
91
79
24
52
89
23
63
79
10
48
87
85
75
71
75
96
45
96
91
95
31
99
95
87
22
65
39
20
31
95
92
12
44
42
44
87
59
60
95
35
33
55
88
58
72
28
91
59
88
25
77
24
92
76
71
76
80
62
20
65
35
87
39
54
14
37
49
80
92
35
71
77
48
97
31
56
42
95
27
33
95
79
76
39
88
70
47
96
78
84
74
66
10
43
88
82
79
96
64
33
19
87
48
91
71
97
97
11
60
67
30
78
23
31
58
43
49
15
40
38
90
93
65
50
51
76
58
75
32
51
34
90
88
54
47
35
93
54
84
43
51
23
94
38
73
22
40
45
63
67
88
30
25
89
63
24
88
33
59
60
24
92
25
91
90
97
89
62
97
92
39
86
54
60
98
73
91
67
95
38
64
79
97
81
59
25
74
94
67
58
46
90
98
41
15
70
15
97
70
54
98
16
47
14
71
89
100
79
21
54
35
69
38
17
25
34
40
69
35
78
71
58
67
49
57
21
56
52
43
49
45
38
54
33
64
90
82
30
88
62
19
59
36
21
90
29
85
62
58
14
30
51
62
66
50
60
97
46
31
28
43
36
20
93
46
84
74
58
53
11
92
12
61
81
13
82
78
87
70
52
27
11
17
35
62
65
56
44
87
42
41
86
27
40
43
79
74
38
34
69
94
54
99
18
44
17
79
79
28
11
60
25
53
97
44
44
61
49
28
13
40
56
47
74
80
46
24
37
25
13
32
33
31
10
37
80
83
92
78
43
63
76
39
10
60
17
61
14
12
85
44
59
94
46
73
61
98
99
62
79
79
50
17
11
18
48
78
38
26
12
29
95
28
97
78
76
67
62
70
16
37
21
33
49
55
77
12
25
25
52
86
91
32
80
34
91
67
98
83
70
32
53
39
10
80
44
54
21
76
13
62
74
22
64
80
32
29
79
47
88
29
15
79
34
65
70
11
16
63
77
66
35
92
92
46
61
60
33
50
39
74
81
49
64
25
76
85
53
68
47
29
66
23
92
55
35
47
13
11
76
92
79
80
35
12
34
33
92
60
96
84
90
49
74
71
54
15
64
19
90
50
77
36
93
33
37
93
40
66
51
64
77
66
16
22
69
63
65
54
17
66
60
35
25
47
74
53
27
12
49
94
14
40
96
97
85
37
37
28
89
71
17
88
80
60
23
68
75
85
72
23
92
81
87
37
45
100
50
46
97
31
77
69
95
88
29
75
71
89
12
65
63
39
76
59
71
22
100
39
85
88
86
75
84
64
92
63
11
59
92
73
79
29
88
58
27
15
48
48
39
36
44
31
10
80
73
92
11
49
75
99
37
22
83
41
69
59
22
68
20
23
64
27
72
28
78
93
83
41
99
91
38
34
26
68
90
55
48
85
16
13
78
88
61
16
79
38
36
88
71
90
16
81
86
65
71
60
52
75
35
47
55
82
94
79
70
58
35
17
31
85
30
84
15
94
30
94
88
40
48
99
57
31
53
20
36
81
65
31
29
85
74
90
93
74
40
91
84
44
67
35
75
31
30
100
39
79
54
84
27
45
45
52
46
73
50
11
53
34
100
18
71
82
95
50
37
95
77
89
12
78
68
68
42
59
61
42
37
45
100
10
74
61
22
89
55
12
47
76
86
53
80
64
60
46
13
48
56
60
87
15
38
90
69
17
26
67
96
49
46
51
50
30
78
40
11
81
47
40
51
38
44
20
94
53
81
100
77
64
54
61
75
84
59
56
26
38
99
86
30
69
28
78
57
14
16
56
95
20
48
10
67
43
28
56
52
37
77
16
81
69
65
50
33
66
97
51
60
71
73
17
81
33
29
21
32
99
74
55
41
69
42
81
55
100
11
69
61
38
36
59
79
22
75
41
62
99
80
96
73
79
74
12
42
95
26
93
39
82
48
57
86
45
99
58
59
12
32
92
31
70
55
47
54
41
51
40
10
63
35
29
13
23
67
72
34
70
45
77
95
88
54
44
46
59
80
47
18
89
65
49
33
14
98
47
29
11
18
30
56
62
24
60
45
52
20
74
50
35
41
47
73
13
66
51
15
64
20
26
25
97
84
25
25
93
68
49
89
69
31
98
25
13
40
17
15
75
55
16
39
67
16
92
13
24
99
17
79
71
36
79
88
73
13
45
53
85
23
34
99
80
81
24
39
72
23
76
10
12
50
29
72
68
99
94
79
85
88
37
23
43
12
77
99
26
47
100
72
61
17
80
52
20
40
16
38
52
69
97
11
82
72
23
