89
31
29
47
99
44
23
40
44
51
81
14
61
17
63
21
32
51
34
88
30
52
53
91
14
57
59
65
62
70
35
49
82
66
61
60
88
39
27
38
20
61
54
72
56
40
34
63
89
20
96
54
88
92
24
99
60
89
58
23
36
77
34
82
20
40
16
46
18
90
78
24
19
86
96
72
62
77
71
48
50
53
41
98
26
93
52
84
49
35
13
73
94
64
61
12
99
17
82
36
36
18
24
69
68
84
84
48
54
48
17
44
11
95
37
52
74
62
83
17
79
98
97
62
29
17
73
78
55
37
59
36
23
91
84
44
63
98
12
100
81
30
93
32
95
27
73
43
33
76
51
62
72
72
28
93
76
35
89
75
78
45
18
86
34
29
97
36
30
87
47
66
21
40
52
76
17
57
53
78
35
52
91
100
41
77
61
11
96
27
51
70
85
91
44
11
23
21
16
91
72
77
99
76
12
57
30
68
65
52
34
10
54
84
56
98
81
74
89
20
68
75
94
39
82
29
32
16
57
66
45
14
93
41
45
45
25
92
55
57
70
61
26
27
47
64
56
50
17
16
19
47
42
98
60
55
97
100
66
31
96
63
47
48
21
17
62
86
15
53
64
32
40
41
93
75
73
10
41
15
57
37
11
14
71
86
75
82
27
58
35
83
99
13
51
90
48
43
49
37
50
20
100
68
78
26
48
68
95
80
50
55
12
84
51
55
40
32
89
17
81
52
13
100
44
11
85
12
95
81
77
23
89
91
85
30
100
56
55
41
82
20
98
54
81
24
44
77
78
42
23
96
75
27
89
100
63
52
96
66
82
80
54
54
99
82
70
83
28
99
100
11
81
93
57
90
89
86
68
31
69
11
24
28
26
34
63
21
34
40
21
48
95
76
42
64
46
74
85
34
52
12
89
94
60
23
35
38
57
39
10
13
66
27
12
71
40
17
97
62
15
75
82
29
77
41
47
73
65
72
65
17
92
12
92
25
81
88
60
60
65
20
41
50
37
11
37
93
20
26
11
61
67
49
30
71
16
87
42
13
37
83
56
28
67
62
91
20
14
94
99
40
50
63
63
73
28
42
33
80
79
14
56
36
48
68
81
54
22
96
16
80
24
89
67
34
78
24
88
96
88
55
66
47
19
39
64
17
14
31
35
14
44
24
43
16
29
31
94
47
23
13
55
39
71
96
62
16
43
28
56
96
97
43
10
50
66
90
22
77
48
61
78
38
14
99
43
17
49
22
93
31
13
59
45
76
51
18
67
33
64
25
81
36
87
63
51
34
31
55
17
98
90
49
94
45
88
16
47
62
95
53
22
73
96
14
78
35
35
29
20
65
52
71
54
34
28
36
39
57
84
93
49
11
20
77
37
94
90
84
37
75
17
27
11
56
23
100
31
33
58
33
40
95
33
11
68
13
71
27
95
100
74
58
93
16
62
64
13
84
48
73
11
94
67
24
78
40
57
87
88
95
11
39
88
80
99
90
88
92
80
57
77
53
11
84
49
43
20
83
76
70
41
42
32
36
29
53
89
14
41
17
52
51
21
35
83
12
71
62
26
13
18
24
99
62
69
27
81
20
20
52
66
32
96
17
19
14
39
20
71
29
71
31
90
15
76
21
73
52
65
72
46
76
42
15
18
11
93
27
90
60
41
61
20
40
29
50
25
53
63
16
55
75
64
79
95
100
31
99
82
71
78
73
43
30
18
28
54
77
82
48
67
15
34
21
52
68
31
93
51
83
78
31
75
30
34
30
62
55
33
64
58
47
40
13
97
77
95
68
42
36
55
25
86
72
68
95
26
85
34
98
85
30
27
73
64
57
73
100
56
82
59
27
35
56
41
33
13
50
57
41
34
50
10
12
45
76
12
30
55
74
40
24
19
13
78
42
73
33
28
58
81
25
74
71
35
69
95
82
46
67
52
33
41
94
66
50
14
57
94
87
85
13
63
97
17
50
98
36
34
23
65
51
21
84
22
92
99
56
33
21
16
60
37
45
23
55
32
96
87
17
24
78
57
50
13
79
85
71
40
45
72
20
32
26
53
11
67
17
84
94
45
79
78
47
71
78
96
91
25
99
52
84
21
11
97
80
88
13
96
93
69
78
29
72
29
21
68
91
79
96
99
69
52
26
37
44
26
34
26
90
46
14
88
95
61
68
56
76
23
48
52
61
40
32
39
72
53
89
55
82
22
75
90
35
61
90
73
85
53
12
18
19
13
67
89
72
99
58
45
100
14
38
22
68
17
92
42
85
29
96
94
88
40
24
10
60
77
42
73
96
25
89
19
39
24
29
43
25
18
66
29
42
65
26
98
60
63
71
72
88
62
70
73
42
98
49
61
42
25
12
34
94
84
84
54
41
100
34
27
82
56
15
19
56
97
55
70
45
35
61
62
62
70
66
84
63
74
56
95
45
16
42
18
12
19
96
76
88
64
37
30
72
71
72
64
31
38
84
20
54
93
69
55
58
58
38
13
76
24
36
53
28
41
98
23
51
56
29
28
64
11
79
37
25
51
62
93
29
60
66
37
19
15
86
81
75
42
26
26
17
82
78
74
80
30
31
43
51
76
56
22
38
55
25
44
42
29
70
55
32
14
36
95
44
42
11
78
71
28
82
35
77
48
97
74
75
82
70
51
40
47
96
99
70
99
99
21
61
77
93
68
100
73
45
99
65
42
43
83
22
25
55
97
11
48
82
20
80
18
86
42
33
23
42
14
54
77
74
56
10
61
44
82
34
81
44
27
10
68
71
33
93
46
89
34
24
65
40
17
67
46
17
89
49
57
87
75
48
81
82
50
93
28
18
34
77
36
78
55
79
94
22
57
77
16
42
11
54
58
60
23
19
69
97
95
19
11
48
44
41
28
79
77
63
51
84
47
21
38
96
85
28
73
59
93
40
16
48
15
10
76
49
53
91
13
92
49
62
54
93
45
89
27
24
29
24
87
76
57
34
20
61
89
56
71
92
87
54
79
66
28
19
96
95
58
77
71
52
13
11
50
56
10
73
86
38
77
94
10
85
23
81
65
14
66
92
50
43
59
82
20
47
38
14
66
99
75
48
71
26
84
75
49
15
77
67
26
88
26
14
49
94
53
58
13
83
89
71
58
78
63
12
29
32
44
14
56
72
40
62
15
47
58
86
16
60
86
50
44
21
53
91
87
22
91
13
58
43
57
14
75
21
21
12
37
72
17
28
29
98
74
100
18
71
15
73
100
94
78
87
60
78
45
57
89
57
89
33
14
23
41
29
49
47
69
54
45
18
46
92
29
82
37
55
78
52
33
57
93
42
73
51
80
23
82
38
12
85
62
90
90
80
43
45
33
61
53
18
66
14
29
39
23
32
42
65
19
35
11
49
36
65
22
24
33
82
66
48
