93
14
98
72
98
76
53
62
96
57
59
83
67
90
60
78
38
83
51
81
88
38
10
18
64
77
90
44
85
74
29
32
42
20
76
43
43
61
98
25
17
81
10
30
72
63
88
56
70
31
56
56
35
72
99
69
79
26
90
59
81
44
16
47
60
45
20
32
15
80
45
74
10
51
27
69
73
56
68
70
87
96
75
15
78
54
24
57
33
44
27
40
57
33
29
97
34
58
54
47
63
47
71
43
58
54
43
20
54
23
100
91
87
65
94
11
14
31
47
21
52
20
77
65
67
95
66
100
25
26
44
29
99
18
94
39
62
76
45
70
50
69
40
67
70
85
39
99
90
23
61
14
64
36
92
37
59
21
88
50
63
44
27
67
21
47
15
48
12
84
36
40
43
88
10
37
50
71
10
32
45
84
92
88
79
58
29
85
91
24
95
71
52
14
78
40
37
12
81
75
93
74
99
40
23
49
62
29
64
39
93
30
49
42
100
53
14
80
43
51
70
68
52
31
67
44
49
49
31
100
72
55
26
27
50
29
74
30
27
92
18
70
56
90
17
18
83
75
19
26
77
76
90
86
37
69
19
23
40
60
43
95
79
95
28
30
72
73
98
24
64
35
58
86
29
71
16
70
70
42
11
68
54
35
51
87
64
50
80
84
100
23
76
72
35
64
65
84
42
52
36
72
52
27
77
43
42
47
74
97
40
80
55
91
78
42
28
41
89
68
93
10
24
83
37
66
95
40
28
76
55
59
92
85
58
62
66
48
10
16
47
73
36
56
67
43
43
81
88
54
95
74
97
50
24
74
85
19
90
36
75
64
71
41
22
81
47
87
71
93
64
13
20
32
28
99
84
33
41
63
85
93
54
84
85
98
35
95
10
69
33
47
27
27
36
14
68
52
60
17
10
41
88
25
83
72
41
82
25
17
51
99
69
95
98
51
91
98
19
45
40
94
98
80
87
18
16
13
82
31
61
81
59
18
21
73
92
72
43
44
58
28
78
33
100
16
100
66
35
19
74
10
38
83
19
93
17
84
99
20
64
99
35
20
85
61
29
65
47
54
64
16
15
34
51
83
45
76
27
43
59
88
15
68
52
85
33
89
26
49
83
22
60
27
83
17
80
61
37
69
49
68
68
45
84
70
36
10
58
96
55
54
62
60
28
12
87
89
53
21
32
49
36
30
37
80
61
26
75
15
62
67
60
52
68
66
67
29
67
22
34
24
88
64
40
98
84
56
67
21
28
45
54
71
71
65
44
25
37
98
33
57
22
85
19
88
76
10
40
88
77
19
70
35
75
55
64
57
18
68
39
40
31
76
85
36
96
39
23
13
63
62
79
69
75
33
37
69
80
68
10
66
61
44
46
57
21
32
97
64
48
59
59
63
32
69
89
68
43
73
32
67
64
36
89
16
19
41
62
54
39
60
67
27
44
61
87
26
63
98
91
24
43
100
66
22
92
96
41
95
54
11
14
41
62
63
38
93
60
91
30
13
28
55
98
82
41
45
90
46
72
55
61
85
37
95
50
26
65
41
22
68
68
82
26
63
56
53
89
54
41
14
91
14
66
75
34
69
40
57
55
13
100
34
88
30
64
66
69
65
79
38
81
39
75
19
17
17
43
91
13
20
37
59
96
74
46
71
39
37
22
80
14
28
81
52
25
93
94
96
29
46
56
39
62
56
63
33
68
24
15
11
91
95
28
83
45
68
61
57
13
34
66
45
37
31
20
36
79
69
97
16
98
81
11
95
35
31
72
68
52
27
15
58
12
82
60
85
51
45
88
70
18
53
41
55
82
10
46
42
62
36
47
26
10
60
61
61
43
35
60
62
97
27
18
77
71
32
42
81
62
29
70
98
73
60
12
64
45
74
22
59
45
65
49
70
32
29
13
80
18
84
84
33
75
28
70
48
22
84
49
49
50
73
95
19
42
26
76
37
77
72
39
86
18
51
55
63
52
56
98
55
83
24
35
59
97
24
57
51
41
17
45
83
15
65
50
76
10
72
34
29
70
25
99
97
24
13
33
87
84
79
70
76
83
97
100
71
92
18
88
62
11
52
97
49
62
10
51
59
44
47
52
43
33
96
50
38
43
37
48
57
22
76
46
52
41
49
34
48
86
16
82
69
68
57
73
68
29
98
20
94
63
69
61
96
82
42
58
71
39
87
24
90
35
22
19
54
10
89
44
37
73
25
55
59
94
61
31
13
42
79
75
54
38
98
99
92
20
97
45
59
24
38
85
33
95
76
29
18
11
39
74
88
84
72
39
15
36
27
75
29
79
54
81
71
50
54
22
78
34
100
28
56
96
67
50
65
76
27
74
25
62
32
60
91
93
15
40
56
37
33
95
83
31
18
45
99
67
96
56
88
90
49
30
91
90
76
95
39
47
60
41
91
38
77
58
49
68
17
28
20
95
29
19
56
55
91
73
47
43
81
79
53
35
36
73
17
66
53
34
88
32
20
69
92
34
89
58
32
92
16
82
72
14
56
34
24
27
59
62
17
45
57
64
47
44
23
27
31
44
91
19
93
98
47
10
62
39
36
42
36
76
84
34
21
32
73
81
69
36
76
21
55
77
26
55
23
13
86
36
62
75
27
58
48
46
74
98
91
92
70
43
39
49
37
100
35
78
37
19
27
44
71
51
90
68
19
81
10
80
83
64
48
29
75
42
59
88
63
81
33
95
92
21
44
47
100
54
87
91
34
90
65
62
58
20
85
61
84
20
46
15
48
16
78
82
35
100
32
75
65
72
40
68
73
46
68
14
71
66
78
62
15
42
23
64
90
29
85
73
70
46
38
87
47
10
99
82
24
84
57
68
48
96
77
69
79
76
72
58
51
99
74
97
59
74
16
76
95
74
66
18
88
47
27
73
24
91
86
12
63
16
74
14
17
31
13
73
85
31
63
57
60
69
74
24
10
79
78
26
50
83
77
52
46
24
47
36
81
26
34
88
36
44
92
19
92
65
85
16
99
76
24
49
86
40
87
37
57
89
94
52
38
57
33
16
93
55
93
39
51
78
45
32
11
70
79
73
79
14
44
15
34
54
28
25
57
24
21
53
44
58
21
13
71
81
46
91
93
12
11
52
21
65
100
24
78
96
79
67
76
35
49
70
55
92
92
28
13
93
93
79
43
21
100
35
84
21
96
35
86
78
18
67
51
91
58
31
50
86
18
76
76
53
41
80
37
13
66
95
88
53
68
83
22
92
31
65
88
79
11
34
27
24
58
37
44
11
97
94
39
36
21
26
85
12
16
18
48
32
60
31
23
42
29
68
24
54
29
60
44
89
97
94
10
75
61
50
69
44
92
43
83
79
29
26
98
15
27
77
62
71
62
46
47
77
19
32
40
86
78
85
78
94
97
82
20
87
87
68
35
54
55
34
84
99
100
67
74
86
84
57
83
12
48
22
81
94
16
88
15
57
38
37
57
14
20
10
75
93
29
59
17
21
80
97
86
74
82
74
22
10
33
53
35
14
63
47
44
22
47
35
15
67
26
76
97
12
62
97
18
93
86
53
90
56
46
17
49
35
96
25
57
59
41
86
42
72
20
94
86
87
88
39
11
92
48
81
57
76
77
33
71
40
36
84
64
13
57
25
34
50
41
87
53
55
66
45
23
31
51
40
72
79
38
19
39
48
23
80
76
58
73
47
73
67
35
49
85
65
74
79
91
88
77
65
64
15
95
31
84
97
100
61
10
54
80
60
92
24
38
96
32
52
34
66
90
24
40
55
63
36
88
91
93
62
72
79
79
91
91
57
62
45
100
70
91
81
27
90
71
13
93
21
73
27
50
48
84
63
15
16
13
90
13
68
55
75
95
88
77
26
51
97
51
27
74
42
32
89
38
75
13
82
91
59
78
70
51
85
96
83
13
74
41
94
25
97
40
83
50
88
55
61
39
88
93
62
18
20
66
61
93
22
12
40
26
85
39
