79
25
99
41
94
75
40
59
95
99
95
93
74
83
14
89
41
53
75
70
49
19
84
16
25
66
68
79
16
93
14
20
99
93
100
56
62
69
91
52
86
43
76
45
21
57
45
41
58
33
68
22
66
83
50
64
35
42
33
66
38
57
69
90
79
89
28
70
38
71
46
41
49
43
36
68
92
33
84
90
22
93
92
89
47
23
13
11
34
11
60
82
10
16
81
20
85
52
92
31
24
83
76
15
38
63
32
99
39
97
28
42
80
21
99
11
91
24
45
28
89
31
81
78
48
72
36
77
84
40
65
43
49
23
82
41
22
67
96
58
56
81
42
55
31
38
33
10
43
84
52
96
92
51
50
63
70
46
30
45
41
15
82
52
25
69
62
26
64
93
78
82
71
65
40
25
20
24
19
10
12
31
22
96
79
31
98
80
10
31
42
99
26
21
83
78
66
54
100
22
48
16
25
97
95
70
22
20
16
17
19
49
90
44
53
18
42
26
87
55
58
32
61
32
10
11
12
61
96
59
94
25
30
70
53
35
54
91
51
20
87
70
50
52
31
43
32
25
40
78
40
16
42
50
99
12
46
43
97
28
41
15
36
96
69
24
36
21
54
38
43
17
19
48
81
50
28
34
51
98
24
61
11
78
86
89
45
20
16
74
11
92
99
92
15
50
54
30
97
85
19
11
78
73
47
96
47
74
96
19
12
34
78
26
30
95
99
68
84
28
79
61
56
99
95
27
16
38
28
38
85
62
62
18
65
83
65
86
76
55
74
94
80
91
71
20
42
90
100
75
99
32
17
59
10
88
55
95
44
41
69
10
41
83
10
62
75
24
26
55
34
25
60
72
78
64
62
93
97
92
21
36
99
94
65
27
96
69
76
32
75
43
55
77
13
64
65
50
16
73
96
66
43
15
76
58
86
29
26
20
31
26
54
38
75
21
30
93
58
82
92
24
32
34
41
36
25
54
55
77
67
11
56
74
51
32
53
54
92
53
23
34
91
27
25
75
13
65
47
52
51
55
27
78
74
73
85
10
41
70
92
67
30
11
54
34
96
32
87
65
12
39
21
98
24
19
60
77
10
18
96
23
93
19
73
93
16
60
77
54
78
50
94
15
90
54
78
90
36
36
