52
39
73
52
49
11
39
33
92
68
18
77
94
100
100
35
66
48
25
41
15
29
12
56
22
70
52
60
13
56
21
47
50
27
79
63
65
76
80
66
57
83
75
51
99
39
23
98
20
40
11
28
90
60
69
44
10
22
60
45
74
55
73
98
45
73
87
91
11
61
64
65
79
10
28
66
40
68
53
61
66
73
92
38
81
56
99
34
36
89
23
91
80
16
76
45
73
25
96
83
53
58
92
94
25
88
73
96
95
43
23
88
27
48
49
90
65
19
56
82
84
63
93
35
47
79
44
39
54
84
77
87
15
15
30
98
85
26
24
100
95
24
94
47
22
69
29
11
80
80
69
65
76
70
34
79
61
80
66
27
66
81
26
96
21
30
86
33
20
92
51
69
94
92
46
23
20
91
59
43
53
80
53
45
20
98
54
94
73
42
64
26
34
80
87
85
22
32
64
12
47
54
84
40
85
83
39
25
14
92
94
100
55
55
21
99
89
52
94
85
100
85
40
94
18
83
20
10
74
39
33
47
98
24
49
77
64
12
99
67
26
49
88
37
41
98
75
76
38
87
45
83
87
81
27
81
25
61
42
84
29
81
62
31
68
69
31
100
68
87
36
79
91
84
44
86
40
41
70
47
58
22
47
90
44
32
20
43
62
44
38
81
66
90
23
20
30
95
22
44
80
85
80
97
60
20
32
30
58
30
33
25
68
38
40
20
44
55
54
30
76
58
70
79
54
36
12
57
72
19
96
86
16
13
45
13
19
13
80
42
68
33
40
11
90
10
94
44
28
28
13
39
93
20
54
38
32
67
59
59
82
25
71
99
63
72
54
40
33
61
16
24
54
87
84
32
81
54
51
84
88
13
34
38
46
45
63
27
40
37
19
65
20
33
23
88
89
50
63
47
100
64
33
10
68
81
86
32
62
94
22
10
72
29
19
70
49
31
37
69
31
27
17
59
11
80
46
61
72
46
40
61
99
63
100
28
75
11
10
12
29
35
58
39
50
10
63
71
53
73
99
26
42
94
86
27
80
33
28
74
37
32
65
57
42
79
37
85
69
19
35
80
96
19
69
59
78
80
42
41
82
24
39
61
97
12
25
71
90
89
40
32
50
54
55
67
23
32
81
34
35
46
56
80
29
14
38
34
28
85
10
16
60
16
99
67
64
86
26
61
77
98
80
30
33
20
40
25
30
78
14
45
46
81
33
78
55
39
31
17
54
48
18
58
16
54
17
53
23
33
80
23
36
91
39
10
100
97
84
19
28
96
44
90
25
34
90
48
10
80
66
43
80
86
58
82
98
41
78
23
100
99
90
75
68
16
32
18
98
31
53
70
48
65
85
56
12
41
29
51
95
60
28
97
64
92
83
44
34
42
60
14
47
58
67
74
88
88
61
12
84
22
55
97
63
32
72
76
35
34
40
57
21
13
47
81
99
97
94
73
65
69
64
11
48
41
62
13
35
86
17
28
52
51
83
36
15
61
50
48
53
98
74
13
83
37
18
27
61
73
35
30
32
34
57
12
60
100
32
58
70
78
70
35
35
22
50
71
93
48
90
72
52
86
60
72
92
43
99
25
29
92
47
89
10
73
72
33
49
76
30
39
75
69
83
65
96
96
64
60
24
22
93
42
77
18
93
65
10
30
87
65
12
21
44
32
12
44
78
32
69
28
59
64
34
26
49
74
88
39
96
15
74
99
20
68
77
90
100
74
35
12
57
18
18
78
100
65
80
42
47
44
71
89
20
100
25
14
90
19
58
35
39
72
47
21
94
43
87
47
54
45
40
15
37
39
84
21
90
82
62
63
52
19
86
26
42
32
35
46
88
16
11
27
76
75
82
38
39
18
90
69
34
47
58
52
80
28
43
44
22
41
80
26
61
62
87
48
57
22
98
85
94
78
65
29
27
15
79
97
32
17
62
86
29
31
18
22
37
66
53
37
28
39
66
26
45
26
86
34
11
56
99
52
15
95
42
69
50
27
79
40
12
50
29
91
87
14
18
17
22
95
93
11
77
24
59
28
39
87
31
65
31
93
67
83
75
46
12
46
100
63
32
21
28
77
15
23
50
89
94
94
37
35
19
84
36
84
56
84
43
49
40
21
55
94
16
10
34
21
56
52
34
86
75
32
34
18
77
77
29
99
62
20
86
61
19
81
22
62
72
36
10
48
69
61
66
17
83
49
94
96
19
23
14
63
31
91
42
78
54
50
71
24
25
97
21
96
70
71
80
52
93
26
88
95
95
45
41
64
93
10
56
44
73
94
23
27
79
30
16
13
15
54
13
90
63
92
91
69
75
91
26
63
84
64
29
26
25
30
75
83
57
55
66
36
47
83
30
76
14
67
61
60
70
25
67
10
93
84
23
34
56
24
57
59
72
62
91
20
72
28
93
15
67
24
77
87
51
39
85
73
36
74
71
50
100
80
65
53
95
95
82
97
65
18
19
61
71
38
92
65
44
99
12
69
33
40
90
62
85
65
100
27
68
47
97
89
50
81
23
42
56
58
20
29
80
84
79
26
42
69
51
15
21
48
42
54
87
52
62
78
54
70
65
33
62
85
22
10
12
14
63
46
61
60
99
51
53
45
95
80
22
97
78
22
16
54
79
95
83
21
46
61
50
75
15
18
94
13
79
22
36
72
83
99
59
76
100
63
47
98
64
46
55
52
96
65
69
79
83
71
34
78
74
39
75
63
72
14
37
96
88
76
78
22
51
34
98
52
49
47
71
10
52
23
32
48
13
77
44
65
92
89
93
86
83
68
36
90
66
79
46
98
36
45
90
14
34
77
80
92
41
90
50
48
11
59
84
21
31
27
24
64
89
35
60
77
99
23
14
91
11
92
78
24
86
12
69
76
62
54
39
15
99
68
38
64
59
22
96
83
47
63
54
53
59
18
48
29
26
15
21
55
32
34
17
44
79
48
28
30
28
22
53
52
14
86
80
54
69
65
20
40
35
30
85
22
17
23
19
53
58
10
56
54
94
93
62
48
42
19
75
31
47
23
60
96
55
51
19
88
41
13
99
97
37
63
26
13
68
47
82
16
71
12
98
98
85
61
39
88
96
80
80
85
62
50
33
18
62
65
72
23
29
63
56
63
85
63
77
78
55
87
45
37
52
99
15
29
75
35
86
17
73
27
12
31
66
41
59
99
88
36
82
37
64
68
74
23
32
73
28
96
56
51
43
57
92
72
71
20
11
78
30
43
68
80
47
18
29
41
89
19
32
83
97
83
68
71
41
98
93
98
70
69
33
75
37
94
79
40
58
93
44
43
66
58
39
90
17
99
79
30
98
38
27
43
56
75
54
18
60
96
38
45
37
26
45
40
44
80
53
18
28
61
24
92
20
97
73
86
59
70
68
64
44
20
75
10
91
78
32
44
49
50
65
32
88
55
18
49
50
30
55
20
52
59
64
75
12
69
79
61
57
66
25
80
58
35
11
35
87
95
32
91
74
13
62
48
55
20
54
85
58
93
35
71
91
55
60
91
92
21
23
84
18
43
40
40
12
56
48
70
90
83
85
60
39
100
47
78
98
46
62
65
25
91
62
81
26
23
37
46
96
20
44
91
42
90
17
59
97
12
38
92
47
89
20
62
13
23
50
88
10
63
93
34
92
58
59
96
69
44
15
30
49
25
39
99
69
12
46
70
94
77
98
94
27
55
90
66
13
79
81
35
12
47
56
19
25
60
85
33
55
73
38
72
65
46
86
87
100
17
52
43
73
47
33
16
20
30
55
90
60
61
99
20
33
17
17
52
65
87
85
31
94
23
61
22
41
34
38
91
58
88
13
15
32
27
45
13
100
28
43
97
27
60
78
89
78
33
20
49
29
29
58
38
91
55
24
22
94
39
80
57
18
23
10
82
46
28
20
86
15
38
40
19
98
64
84
69
70
19
10
20
66
15
19
37
96
86
30
88
75
60
65
69
43
79
67
29
24
39
19
71
12
28
18
25
18
84
63
85
63
88
37
10
12
60
62
67
99
83
17
77
70
64
57
93
41
82
14
50
27
67
53
88
96
96
80
24
15
95
93
98
24
67
34
43
39
56
74
45
14
93
77
82
91
84
24
55
75
37
97
10
58
50
34
50
83
22
80
26
20
50
76
86
21
69
22
52
64
93
68
99
57
35
18
95
31
73
53
27
18
42
38
67
25
36
38
33
10
32
78
14
26
89
61
81
54
30
57
28
15
43
61
37
82
81
58
98
39
63
99
61
21
30
94
66
11
61
13
91
39
23
13
45
59
57
88
10
71
42
51
11
11
62
75
44
62
20
78
33
40
84
80
56
92
50
34
80
66
14
31
43
61
96
67
62
73
40
56
73
49
26
83
67
78
16
96
10
47
47
39
60
60
52
63
59
16
81
78
98
49
48
10
41
94
55
33
40
30
25
51
30
95
44
45
49
67
58
80
52
90
46
33
25
20
56
76
98
40
84
86
53
12
62
19
27
67
81
20
46
41
82
82
74
26
92
59
12
94
61
13
25
45
77
24
93
60
19
78
62
38
20
43
83
54
39
39
99
48
41
54
16
87
81
40
19
33
60
18
21
91
88
57
14
18
43
78
96
15
96
45
44
99
85
29
56
75
44
80
32
84
35
85
45
32
13
11
59
70
29
77
65
20
99
29
33
32
65
45
21
46
34
37
27
54
19
86
81
39
66
56
80
62
86
34
44
84
31
63
17
71
44
10
32
13
73
51
64
62
64
58
38
90
85
37
14
81
41
70
26
69
69
100
70
23
64
19
63
25
39
86
20
67
96
72
49
95
30
73
84
64
69
73
77
57
39
32
91
11
33
49
14
42
47
34
20
20
54
27
84
60
42
82
66
67
89
29
83
14
35
92
84
86
63
66
14
37
41
24
57
29
73
31
27
41
10
51
46
43
16
18
87
40
93
65
40
92
51
53
68
41
37
54
70
47
26
27
11
88
25
99
15
27
28
60
88
71
98
94
45
62
15
97
13
34
88
83
85
36
40
14
41
28
23
58
72
71
95
70
41
100
82
36
27
76
55
75
88
23
97
28
23
44
57
24
60
53
15
19
49
21
84
29
75
18
49
28
27
85
93
48
64
87
11
40
23
63
62
26
32
81
80
67
40
60
95
47
78
64
97
76
23
84
90
25
74
45
78
75
58
20
19
87
88
77
18
79
62
44
19
49
10
51
34
79
78
32
71
29
57
81
91
85
39
37
90
61
47
50
95
69
22
57
80
53
51
64
53
19
21
29
77
98
59
38
61
50
93
19
87
23
95
90
54
43
16
41
19
12
85
71
60
59
96
44
77
58
33
52
62
98
18
26
58
30
44
92
31
90
62
51
16
22
80
59
73
82
65
36
45
96
24
24
21
42
99
41
59
74
47
90
25
44
66
33
41
75
21
90
73
65
63
15
60
10
54
86
22
40
61
59
71
87
66
100
55
38
98
100
93
57
34
30
20
56
58
78
84
10
11
72
25
76
80
32
36
64
85
47
90
45
13
12
72
42
51
34
62
73
82
28
23
99
62
43
40
98
60
20
50
59
87
72
20
69
65
37
72
30
59
44
30
62
69
96
47
29
84
63
67
62
58
22
12
21
82
45
100
100
23
27
48
37
53
30
11
60
65
90
59
86
93
51
26
52
83
