36
67
76
21
40
73
96
36
70
45
46
75
49
88
68
87
30
49
14
80
55
27
19
31
90
71
72
74
36
14
40
63
79
35
15
17
29
30
98
51
39
66
31
23
52
39
26
80
37
25
43
24
20
52
58
83
80
69
42
38
86
64
40
39
16
78
55
80
49
35
41
62
84
67
94
46
25
66
100
16
14
53
84
38
41
73
15
10
85
56
54
37
100
86
99
75
81
48
33
25
85
55
78
17
73
79
55
64
56
58
90
46
78
54
63
34
50
52
52
55
47
69
16
66
75
66
11
41
33
54
46
43
47
84
88
65
39
32
27
70
38
84
61
38
100
63
92
93
13
72
45
75
93
41
41
48
91
63
24
84
89
29
24
39
23
12
36
77
23
46
19
68
68
26
60
29
24
19
96
53
26
32
48
33
83
78
60
76
53
72
99
62
25
11
79
31
83
84
73
89
57
58
54
73
32
67
65
76
70
38
81
95
89
80
52
74
54
44
78
56
43
68
30
25
51
14
33
99
43
15
88
78
93
91
59
82
26
81
54
41
90
44
80
40
91
31
94
61
46
46
19
90
56
29
58
30
24
83
90
78
86
56
43
79
78
89
39
95
34
60
71
74
30
79
89
76
31
34
67
42
98
16
95
93
90
38
67
34
80
44
81
55
13
17
93
54
48
66
22
41
54
69
13
44
24
74
43
18
88
71
24
76
67
84
31
67
34
66
18
88
69
32
27
40
99
48
25
54
42
66
12
86
87
93
13
75
19
54
54
69
56
49
33
22
82
82
38
100
69
13
69
57
35
62
31
38
53
49
84
42
95
96
35
67
15
21
61
56
57
51
40
34
38
24
63
15
84
50
33
21
98
31
14
82
10
72
24
41
58
89
50
68
79
24
99
76
28
21
24
26
76
80
13
13
25
79
82
28
20
94
35
26
30
29
85
29
45
94
11
64
15
59
86
79
14
40
46
18
25
66
56
31
36
91
83
15
89
94
61
13
30
63
53
10
26
61
69
40
66
57
96
23
97
35
69
49
38
88
65
90
90
58
36
37
50
18
87
48
48
62
65
19
60
87
24
77
85
18
33
71
42
83
34
97
24
75
65
17
95
100
83
24
30
60
25
88
77
64
34
99
79
46
58
98
44
80
47
48
20
79
44
89
87
19
21
24
62
90
25
41
49
20
23
85
27
59
91
60
63
74
38
99
77
30
15
33
34
85
50
20
94
35
69
51
72
71
70
72
18
45
30
67
20
52
84
12
64
26
16
89
51
85
15
44
44
92
81
41
72
38
42
94
30
40
61
91
21
84
12
77
77
19
40
72
53
42
16
86
48
53
41
34
63
18
78
32
56
27
48
88
88
48
51
77
84
92
20
74
69
84
40
28
47
91
29
84
92
13
94
29
70
99
46
55
66
91
62
58
17
88
71
44
40
52
77
79
84
73
72
66
73
14
96
25
95
49
58
86
79
90
74
40
22
72
99
93
89
58
70
53
12
77
31
48
55
93
56
90
98
55
18
99
71
73
82
80
30
67
97
19
63
16
50
16
77
37
73
28
76
40
29
96
35
64
68
52
84
83
89
37
44
26
100
58
18
23
39
96
44
22
19
22
76
16
52
71
60
70
26
82
65
54
43
20
79
35
81
31
73
64
11
99
79
43
13
64
25
64
50
86
28
95
76
67
69
14
82
12
35
60
22
37
15
48
38
10
40
58
16
18
54
64
23
14
26
12
89
95
59
56
50
43
58
66
56
14
83
37
79
29
13
77
37
39
46
40
27
56
10
29
47
80
82
11
44
45
56
96
38
97
55
99
64
78
51
24
15
99
52
24
44
35
72
100
35
35
19
52
34
96
69
18
37
61
81
23
92
28
66
85
86
31
54
54
84
86
82
37
13
98
32
94
91
38
16
23
83
82
55
43
65
20
24
91
62
35
13
43
94
59
55
60
27
42
92
29
62
88
58
80
22
58
50
96
48
41
31
19
53
42
22
10
46
29
56
55
75
36
12
99
58
42
17
85
19
92
34
53
80
84
58
56
20
21
53
48
27
53
13
55
13
65
40
95
96
25
64
75
60
29
14
28
14
74
36
58
21
36
92
64
81
65
78
21
55
56
77
74
48
70
40
30
10
19
61
38
27
25
45
34
79
68
61
39
59
74
14
50
10
25
39
85
73
54
14
62
12
16
86
17
24
91
23
12
35
31
32
57
58
21
82
13
90
100
99
75
24
39
26
43
53
97
93
63
67
48
54
60
48
47
