68
27
63
82
11
50
32
32
76
61
47
28
62
55
58
90
52
14
52
50
22
60
31
35
55
81
19
72
87
61
82
79
16
37
46
28
24
60
81
73
25
38
44
42
16
57
11
55
53
46
59
33
39
73
13
24
23
82
27
68
38
53
34
23
58
83
67
60
13
29
74
24
22
57
18
100
52
63
49
39
10
66
81
94
48
60
49
33
16
76
84
41
81
81
70
49
43
79
76
24
88
99
17
47
93
98
67
30
40
71
69
33
95
15
34
16
37
11
40
29
84
59
28
15
52
61
19
100
70
32
84
17
17
98
79
88
77
66
32
12
100
81
41
95
25
52
52
56
96
53
56
10
31
42
94
94
96
48
27
51
19
14
23
11
52
15
25
55
41
79
33
49
77
29
29
93
58
91
25
43
67
61
12
85
96
33
58
43
99
25
54
77
50
75
70
46
63
90
27
35
96
81
95
68
19
50
66
77
83
22
75
12
93
95
99
29
38
38
49
23
87
75
11
76
68
86
31
30
48
94
85
93
49
36
36
75
23
52
91
89
99
15
60
88
80
95
71
78
27
10
52
12
69
72
60
13
39
84
42
35
60
73
84
52
69
30
21
48
74
61
12
79
55
93
19
36
22
89
59
63
87
14
44
23
37
85
35
24
46
26
23
58
34
37
56
23
16
91
88
40
26
78
48
21
43
16
49
42
40
78
58
74
13
38
90
19
65
38
42
48
89
45
68
58
43
78
20
56
59
27
77
28
85
68
42
20
85
18
59
64
25
89
15
16
79
51
73
60
64
31
50
51
44
67
75
52
72
76
25
22
28
55
98
68
62
14
25
56
86
79
38
10
16
50
37
84
78
15
65
67
67
26
16
89
34
71
19
93
97
61
22
78
40
35
13
86
46
88
12
41
34
64
50
70
44
70
39
25
49
23
77
45
72
12
34
71
39
40
46
60
62
38
23
27
59
46
59
48
43
94
44
33
57
63
15
17
77
20
29
78
76
61
65
44
71
75
81
18
64
58
22
59
51
76
10
22
55
76
65
51
100
91
11
27
90
67
97
69
39
30
34
40
50
67
16
37
65
17
96
89
60
85
79
79
65
87
32
87
45
85
17
79
34
33
51
62
83
34
49
35
33
26
60
97
10
90
72
97
77
18
38
73
34
11
74
84
41
14
68
99
53
12
47
72
45
19
27
18
72
92
76
30
51
100
58
43
34
40
57
57
64
82
12
46
42
85
92
82
42
48
82
72
36
29
80
11
10
99
88
83
36
50
11
32
12
82
83
66
27
62
42
15
56
47
77
14
68
80
88
100
80
75
68
50
33
12
33
35
69
20
75
32
35
85
40
32
55
99
36
16
28
80
14
82
65
24
41
11
99
95
14
10
99
74
96
11
40
28
36
11
29
100
37
80
28
59
71
99
66
59
18
17
20
64
45
87
88
90
81
95
56
91
100
49
62
61
94
93
20
22
99
52
48
35
68
27
78
33
40
39
83
65
23
44
97
42
34
34
16
12
93
53
61
38
69
36
35
10
54
36
59
54
45
24
80
87
95
70
60
47
46
33
42
81
44
80
25
53
55
78
30
20
82
16
50
23
47
12
41
16
82
33
18
39
84
96
53
96
35
59
78
21
95
67
68
66
92
38
81
89
14
73
67
51
62
82
91
93
88
79
69
54
33
33
81
23
84
90
97
43
86
66
64
34
82
33
40
90
52
95
56
41
72
38
31
85
63
16
25
71
39
42
95
10
82
92
100
44
55
34
78
34
52
74
56
41
84
83
32
88
90
15
11
92
59
68
19
55
23
17
63
14
11
13
86
55
82
48
78
36
96
69
62
49
95
57
30
24
39
46
73
23
35
83
20
12
88
35
20
46
24
97
82
63
59
29
10
18
54
75
67
31
85
15
20
39
50
41
10
78
94
97
44
73
11
39
100
18
19
63
59
33
80
23
69
17
96
83
10
55
73
45
95
97
17
99
60
54
98
94
16
20
64
49
94
87
40
17
86
96
93
99
56
19
51
39
40
27
89
89
30
20
16
13
16
74
83
21
42
33
47
76
36
70
50
95
23
15
56
95
100
50
94
98
20
54
11
62
45
78
23
10
62
38
80
22
40
72
22
90
38
12
53
95
53
51
100
56
14
36
96
97
81
57
29
34
55
76
47
76
26
94
86
21
77
28
79
73
48
79
51
64
19
88
53
75
85
54
46
86
30
28
100
99
13
88
42
20
68
88
86
38
90
41
49
32
27
57
19
22
54
64
14
79
86
66
21
63
16
68
69
52
32
10
30
79
15
63
60
88
80
21
56
17
24
36
91
47
56
73
99
16
20
74
26
17
85
71
45
68
80
37
31
96
95
84
73
50
82
40
66
73
27
69
51
100
97
73
82
41
91
32
86
72
51
44
43
66
13
36
81
89
69
54
54
40
75
47
57
86
36
87
43
78
25
42
80
44
21
12
14
26
10
45
69
10
51
62
46
61
33
66
95
79
18
15
16
80
87
58
37
65
17
70
98
19
20
84
10
28
50
55
74
51
61
45
66
18
71
50
57
69
83
82
39
48
46
58
100
97
82
75
61
89
30
32
47
48
87
18
91
93
86
100
50
95
72
38
99
52
82
14
41
65
43
63
59
17
28
53
94
34
19
34
83
34
50
34
47
97
39
88
70
25
21
80
28
30
98
83
52
63
75
82
98
89
74
24
80
47
97
92
94
11
23
49
83
94
59
77
86
11
68
95
69
40
76
13
80
17
60
70
45
89
76
72
83
99
47
49
34
67
71
46
26
44
57
15
90
66
41
27
12
90
16
65
33
90
25
36
42
57
58
98
17
80
72
73
80
19
49
72
18
23
40
88
45
85
57
65
50
67
48
68
47
44
52
10
40
43
70
22
15
47
11
19
38
85
69
81
86
78
87
67
65
67
50
43
83
80
88
43
70
91
13
21
72
56
71
41
52
91
28
77
72
13
55
49
32
46
93
81
80
87
34
37
26
52
23
56
32
85
21
82
54
38
23
31
46
100
46
16
51
40
84
68
93
80
16
76
31
69
26
93
62
17
53
42
65
76
81
84
63
85
79
38
79
32
21
63
59
26
10
37
57
56
45
34
44
18
63
37
31
25
10
76
75
11
87
18
58
15
26
47
70
85
88
69
68
57
71
27
65
92
43
99
23
67
71
31
52
80
33
76
47
41
31
67
53
89
69
50
88
80
31
64
12
41
62
76
43
34
35
73
68
50
98
71
39
42
48
38
26
10
86
14
35
82
12
46
41
87
56
46
63
94
73
91
35
36
39
27
93
48
38
47
92
58
94
36
96
93
17
22
50
39
28
34
29
27
66
42
83
25
40
25
29
26
74
58
17
11
25
56
46
37
34
16
71
53
48
33
87
66
91
88
59
77
100
99
38
89
37
85
23
60
18
67
87
46
48
90
45
67
11
29
99
11
60
27
59
72
91
69
66
35
58
23
33
42
67
81
37
38
90
100
67
40
41
41
86
45
66
75
95
97
12
42
34
78
48
35
52
70
27
21
60
76
67
11
75
30
63
80
22
37
36
53
52
83
70
82
63
59
69
22
68
20
30
96
18
91
53
98
67
58
24
12
55
61
14
57
11
59
30
82
21
55
73
51
78
50
65
80
42
100
79
49
68
10
50
62
41
86
24
52
60
18
91
41
69
92
18
90
70
87
95
79
11
27
67
53
34
98
49
92
83
49
52
63
60
32
41
78
60
90
71
100
74
18
34
20
14
82
34
60
100
79
20
55
100
35
28
69
81
12
35
28
81
14
81
83
71
70
50
27
27
50
45
85
16
35
48
66
15
72
87
52
57
17
69
45
86
29
63
11
94
43
73
99
12
52
79
69
49
50
32
30
18
95
62
97
80
68
95
80
14
12
25
95
73
58
91
94
82
70
49
70
50
80
28
59
32
90
71
58
79
37
72
33
26
95
30
66
26
22
18
15
47
15
56
93
73
96
18
33
60
68
79
57
24
28
93
93
69
98
25
56
33
49
71
50
18
73
50
77
33
67
88
96
51
53
16
49
21
81
75
24
52
40
86
69
20
59
50
74
77
43
40
13
46
65
41
43
28
19
43
77
30
84
50
22
82
69
30
69
90
15
17
31
97
58
100
72
36
54
22
50
24
43
27
54
73
72
43
41
67
33
68
29
16
87
29
13
55
31
48
96
56
26
15
12
81
67
60
58
68
97
30
56
75
80
51
82
40
23
29
22
22
59
94
94
20
26
86
42
60
42
79
36
13
30
45
44
43
55
54
97
54
74
43
30
61
57
10
47
15
37
92
37
82
82
50
84
33
23
42
56
70
78
25
20
82
95
45
13
90
15
50
42
93
44
21
66
38
94
74
36
86
32
81
16
26
30
56
62
25
90
66
35
75
30
58
59
74
24
76
28
52
66
56
19
91
85
18
26
30
23
18
42
44
20
59
26
51
57
19
70
67
35
23
78
19
66
12
29
85
21
40
79
30
51
51
95
36
94
77
58
34
15
80
15
57
87
46
28
75
69
51
97
27
49
60
23
31
42
19
86
43
33
68
69
64
91
30
23
100
35
45
35
14
95
80
87
44
58
11
81
34
60
19
16
67
71
51
61
48
57
87
39
88
80
50
84
97
68
64
19
64
26
79
90
69
80
27
29
59
62
10
98
56
30
18
22
28
22
58
82
80
81
62
69
76
94
71
91
47
48
80
35
15
85
94
73
72
68
21
94
24
91
45
37
42
76
78
40
71
49
75
100
53
83
24
41
77
67
94
86
82
68
60
10
69
41
97
88
15
65
39
54
70
80
18
43
46
45
57
57
29
84
17
76
15
83
25
70
13
35
68
65
30
43
75
52
44
53
94
46
16
32
28
52
35
12
100
60
63
73
57
97
49
63
22
86
16
87
38
78
36
27
16
93
95
80
41
91
84
97
24
86
89
77
53
38
27
96
15
47
23
91
53
34
36
39
65
63
94
93
73
66
54
32
91
84
93
72
52
54
13
15
74
79
12
45
12
72
27
38
10
99
24
76
38
92
40
65
80
64
63
98
78
81
22
78
35
11
61
92
60
39
62
32
36
73
19
65
41
64
84
20
74
90
41
79
86
79
66
20
79
38
80
78
91
59
89
11
28
77
89
59
100
12
84
30
25
64
59
87
28
14
39
55
66
85
29
20
23
25
22
74
68
76
13
92
37
44
17
25
47
49
72
42
25
86
26
19
57
78
11
60
94
12
53
73
18
18
72
79
66
12
66
17
45
17
41
32
58
20
97
27
52
57
59
40
28
62
19
93
28
24
17
53
22
66
96
42
27
23
92
37
74
37
20
93
16
72
78
42
49
90
80
43
38
30
76
46
58
52
25
72
80
98
87
95
62
26
62
99
89
19
93
25
98
65
63
50
14
84
83
90
53
30
94
70
97
20
86
15
37
54
69
87
90
70
83
76
93
13
88
20
74
79
89
84
78
90
23
14
39
82
96
51
98
50
63
32
14
27
58
17
37
52
19
45
41
27
72
47
66
25
52
95
40
59
60
27
13
32
69
84
98
63
94
10
21
59
19
50
30
44
71
44
18
43
66
24
26
93
19
22
94
51
24
82
25
22
87
37
36
26
80
73
38
88
27
78
66
24
82
85
19
27
11
78
20
46
96
55
97
74
97
68
80
25
28
25
47
30
34
88
74
69
77
33
61
67
68
53
95
35
60
74
85
52
67
56
16
44
69
35
14
100
77
21
62
60
19
51
46
66
15
86
44
89
14
16
45
10
75
66
73
38
61
39
81
68
65
35
52
41
23
30
31
15
26
30
65
30
94
47
27
28
81
74
22
91
51
86
67
15
13
22
95
31
69
53
16
62
80
30
94
98
97
25
85
10
75
46
100
61
55
22
22
89
52
62
59
31
86
76
31
65
17
52
90
95
11
77
72
77
19
15
45
12
17
40
92
45
79
54
17
70
38
64
14
92
83
42
12
49
87
24
96
43
35
28
48
64
73
99
73
13
66
60
86
57
77
72
34
78
71
69
18
88
72
11
22
77
56
64
35
43
43
55
63
61
29
95
45
17
19
16
22
69
94
73
15
26
70
13
22
48
80
62
75
10
15
89
32
87
65
58
63
71
41
31
88
34
95
100
20
81
100
84
92
85
36
63
86
15
61
65
100
58
56
16
79
28
87
36
79
68
49
36
83
49
54
34
99
78
38
46
77
17
28
64
71
13
62
74
17
44
91
20
16
24
25
70
63
32
64
76
10
79
19
92
83
52
92
74
90
69
97
64
81
68
63
50
80
74
43
30
100
38
71
88
68
48
65
88
63
33
90
99
62
38
77
54
50
53
30
93
62
54
27
43
45
92
17
61
23
74
72
61
71
16
78
22
65
68
64
85
69
56
59
22
24
23
52
68
68
58
50
88
50
62
91
94
91
52
30
85
41
65
93
31
74
55
54
78
30
41
12
44
66
81
66
61
13
70
85
31
89
90
84
70
47
96
73
98
76
28
99
10
11
37
61
50
51
95
64
30
19
23
76
37
85
30
89
43
19
84
59
26
100
94
63
72
80
54
64
53
75
17
48
66
22
24
72
67
60
85
61
18
99
24
11
55
23
98
97
31
100
74
16
48
25
76
10
47
57
78
98
18
76
50
37
72
87
48
76
60
85
27
89
33
49
84
60
33
44
65
15
89
50
61
27
100
33
93
56
64
74
56
77
19
19
42
37
40
61
36
44
18
18
88
85
81
13
41
66
98
39
98
68
54
89
51
37
21
52
21
12
61
55
47
23
89
99
96
61
54
19
82
57
17
96
72
22
73
77
31
83
99
96
72
82
76
79
67
38
90
94
96
48
88
95
29
100
34
90
78
75
10
37
89
63
38
50
50
37
24
55
48
47
69
76
79
68
65
38
39
49
72
100
54
74
28
39
33
20
23
43
94
44
61
54
23
52
90
74
88
49
17
89
67
48
78
48
38
61
68
24
53
64
20
91
87
91
22
74
58
32
92
58
97
89
34
18
54
62
96
78
32
92
79
93
73
78
63
14
39
69
48
64
26
74
80
32
63
63
93
28
67
37
23
63
75
60
74
72
28
63
87
78
98
73
93
46
88
79
91
52
65
23
27
84
50
43
61
93
52
50
13
56
89
41
97
89
82
39
93
75
54
91
98
18
39
59
58
83
33
62
53
24
13
47
71
64
87
90
38
84
50
47
11
74
49
78
92
98
31
99
79
27
75
46
13
78
44
26
78
40
72
52
97
16
86
66
41
77
63
34
39
11
45
44
45
94
25
77
47
52
91
85
34
94
17
15
27
11
100
32
35
28
79
67
45
49
78
46
11
24
32
90
95
95
48
11
15
56
12
33
58
92
15
78
91
57
62
46
39
79
27
82
23
71
27
59
37
45
56
97
96
32
27
68
29
75
70
71
87
13
83
41
67
59
16
96
88
78
77
15
74
62
37
40
10
97
40
95
57
48
38
62
43
15
60
57
97
17
18
23
78
48
77
14
94
17
97
82
58
82
15
21
89
60
21
100
61
64
15
72
98
67
14
84
77
50
25
29
11
52
16
55
76
72
85
19
75
82
23
96
17
19
60
96
76
58
77
45
31
76
92
15
88
13
86
56
61
80
52
30
75
84
86
26
86
13
86
86
78
18
42
78
53
46
38
39
71
74
13
30
64
40
49
19
56
25
92
97
51
60
87
50
22
43
54
67
13
20
45
38
53
79
90
17
27
63
91
70
51
94
74
66
74
25
20
42
83
14
33
66
84
19
22
78
16
73
40
51
87
18
20
93
64
83
35
27
83
54
19
96
96
49
13
57
45
69
38
76
68
90
80
43
63
43
50
95
24
61
34
85
12
12
43
58
36
89
45
85
31
46
22
23
90
26
71
18
39
50
31
75
79
20
13
84
72
66
31
38
84
78
95
57
21
77
61
23
52
59
76
90
52
61
59
100
18
20
45
51
13
64
71
79
58
50
81
20
64
48
64
86
57
86
92
47
99
21
29
44
33
25
62
87
77
87
49
60
63
57
92
43
61
96
43
75
82
34
47
87
62
64
82
47
77
62
34
26
63
90
72
88
39
49
63
35
49
69
63
86
33
39
70
51
100
94
11
77
96
21
86
54
81
59
74
42
48
18
58
91
12
20
85
97
48
90
98
97
81
95
50
61
78
67
83
53
79
33
64
14
84
12
48
85
54
82
86
35
36
35
80
47
42
39
16
60
44
55
71
91
71
46
33
59
63
48
61
47
31
59
45
30
34
26
36
90
95
61
10
88
89
33
21
85
28
59
34
22
59
70
21
77
24
85
36
38
38
97
55
30
49
83
80
79
35
52
65
18
100
89
75
12
36
65
59
35
10
96
79
100
79
55
70
53
44
76
86
71
19
30
47
37
64
99
43
97
90
26
24
46
82
21
96
22
97
50
100
85
45
18
65
88
66
79
68
30
44
88
61
