84
49
68
20
97
74
60
30
13
95
19
41
17
95
73
12
66
55
75
20
56
80
59
66
25
70
95
96
62
74
31
59
21
85
45
97
23
53
51
95
58
68
62
45
83
82
47
15
52
72
19
96
93
64
72
91
32
96
44
76
69
82
51
38
52
22
83
27
70
56
29
89
86
48
13
95
66
94
16
44
67
90
48
29
90
54
77
28
100
86
51
62
40
54
21
55
50
62
51
77
89
57
82
63
75
67
99
97
95
28
83
51
99
43
38
93
76
31
75
90
32
76
84
42
33
65
44
77
11
38
97
73
28
36
49
55
14
34
15
62
93
30
77
70
41
34
42
94
79
70
79
65
86
81
27
24
54
95
44
46
21
76
96
10
84
51
25
23
78
79
80
63
22
79
87
71
62
97
17
35
46
46
97
76
72
31
13
94
69
28
34
11
53
99
96
77
38
96
25
89
57
29
95
19
80
66
47
78
64
63
34
10
14
27
52
84
68
41
16
71
93
11
14
11
20
37
64
78
97
32
51
38
44
98
97
19
37
43
55
62
27
47
41
12
95
85
44
37
64
32
88
42
77
36
86
99
76
92
57
13
99
45
29
98
12
29
62
48
100
92
22
56
33
64
100
48
59
14
78
63
40
36
94
98
50
59
86
31
34
13
41
67
94
83
59
29
60
19
44
30
32
100
53
14
79
54
93
10
30
53
79
44
70
72
13
52
48
79
16
49
57
95
72
56
20
45
57
61
64
10
93
50
55
25
66
83
42
31
66
94
33
96
53
98
66
74
73
88
99
53
75
10
50
91
27
68
92
94
36
60
23
18
88
14
97
42
77
12
100
27
76
12
17
17
17
93
10
53
61
18
55
56
84
47
92
17
35
17
58
12
92
64
10
67
80
100
25
28
85
48
71
48
85
49
100
81
59
79
57
35
27
32
47
60
53
27
63
73
81
73
57
55
55
34
100
81
40
39
41
50
24
46
100
36
59
17
40
73
21
89
30
46
37
29
91
48
91
74
59
19
30
60
20
11
39
97
19
93
18
99
86
90
69
46
97
95
58
87
61
58
83
75
90
12
41
15
60
84
16
61
60
46
24
66
78
47
31
23
15
20
67
95
21
21
59
94
50
76
41
94
96
20
80
95
48
44
16
70
55
45
32
25
54
87
34
88
80
33
61
47
77
68
64
30
53
13
96
57
41
74
69
19
89
18
25
92
63
74
100
19
38
100
46
11
28
78
21
31
57
52
34
31
18
86
71
76
28
29
95
63
43
32
16
52
79
24
100
23
36
33
82
42
29
37
71
71
62
41
48
83
39
74
56
11
90
83
39
69
85
59
57
69
48
70
20
100
92
24
55
17
53
34
16
38
64
16
32
62
45
79
67
51
67
67
46
38
14
90
37
74
61
72
13
30
52
98
45
65
69
81
62
37
88
89
37
12
79
97
24
27
64
33
49
39
70
18
12
59
52
35
17
17
89
43
48
78
39
53
70
42
45
83
62
21
46
58
37
55
28
85
54
95
15
29
55
35
99
84
64
24
90
20
49
71
12
33
85
68
79
60
44
25
51
92
54
33
92
34
58
71
29
41
52
53
53
73
38
37
74
54
19
79
25
82
84
48
47
32
42
64
82
33
29
19
38
78
45
10
31
42
74
61
21
26
18
23
99
94
60
42
44
84
78
84
41
51
84
52
47
100
