46
62
46
99
12
75
15
68
22
36
55
67
76
19
67
38
98
99
31
79
90
61
68
42
23
84
25
92
52
92
61
16
34
13
52
97
86
83
89
33
30
24
77
61
93
41
37
34
37
14
54
42
59
70
61
92
24
67
63
93
46
53
77
43
96
30
75
19
23
32
68
47
79
28
95
41
14
32
52
44
75
40
28
36
69
40
42
98
50
52
70
65
87
38
76
40
88
96
63
84
93
57
14
24
48
17
49
63
36
24
84
83
63
57
55
39
33
14
69
77
59
26
60
62
90
92
45
21
58
26
31
100
98
97
88
71
60
82
43
95
66
49
17
57
50
70
77
96
24
19
29
28
91
67
59
51
49
56
41
89
53
77
84
12
60
98
86
12
75
28
93
12
94
55
22
81
83
67
20
84
55
88
80
71
94
70
88
85
53
59
41
74
21
47
72
68
46
81
71
46
36
19
53
40
34
60
67
76
17
20
82
52
32
70
11
21
26
24
75
41
12
40
28
70
99
27
18
40
71
90
22
79
84
43
30
68
59
27
32
33
87
16
24
65
33
87
86
72
27
96
42
64
16
36
55
91
62
87
28
83
35
56
92
36
86
91
43
50
84
56
77
72
64
41
37
88
75
86
86
57
35
92
15
30
59
71
21
63
40
30
32
70
35
24
77
22
77
51
18
50
99
20
89
19
78
87
55
80
52
92
76
69
26
89
98
75
55
97
78
68
72
34
49
48
56
23
48
38
16
12
74
21
26
28
45
51
80
47
19
90
56
58
44
34
21
76
45
76
91
48
25
41
31
82
23
87
19
81
67
14
44
45
52
34
31
26
15
12
28
86
23
92
87
10
40
44
72
38
52
12
72
59
98
87
53
64
47
53
93
46
22
49
94
50
56
36
34
42
52
86
62
98
97
51
48
76
58
32
49
54
62
99
84
55
97
17
82
63
67
83
16
53
73
50
46
14
27
89
20
29
59
17
32
83
87
18
39
99
59
83
78
27
88
50
49
79
98
29
70
75
100
69
54
35
94
42
29
10
68
79
92
13
87
73
79
17
99
55
52
25
28
31
31
29
58
82
45
73
68
48
67
68
67
53
16
32
69
30
88
27
21
40
60
26
35
15
61
81
61
24
82
68
31
77
32
44
93
83
70
65
68
80
34
45
93
95
99
62
63
22
89
62
95
38
10
100
43
11
29
62
86
79
45
84
41
38
37
63
21
12
35
95
88
46
89
82
100
64
12
83
61
25
68
86
26
47
34
84
18
77
22
51
13
97
26
98
31
16
88
69
53
13
37
99
89
49
10
76
29
26
37
36
20
53
72
100
32
12
45
20
99
53
91
40
52
33
25
55
72
33
57
59
34
54
61
11
63
92
29
93
69
26
71
31
23
23
55
89
29
95
35
21
87
28
92
95
35
46
37
80
48
77
69
12
61
98
15
65
69
90
91
40
69
30
33
16
36
41
65
29
54
77
98
37
55
15
69
27
75
84
69
20
29
88
86
14
77
21
91
95
73
68
65
89
43
98
11
33
44
23
47
97
24
95
54
99
59
30
69
93
16
32
16
90
72
60
44
43
12
58
13
53
71
25
77
38
23
98
97
15
12
66
56
10
50
27
70
51
75
77
43
12
64
35
68
53
74
17
12
88
59
78
42
56
19
70
86
55
23
99
90
80
15
87
30
29
81
14
66
21
91
72
31
40
47
55
38
35
10
53
10
43
66
60
91
54
86
19
45
43
61
42
14
93
27
19
25
46
29
39
37
44
74
28
92
71
81
62
16
63
24
84
98
86
51
46
72
66
64
79
96
78
80
97
25
80
25
40
84
48
10
44
73
68
88
44
67
14
100
99
87
79
17
30
46
21
35
89
73
52
21
68
84
57
84
30
49
65
65
77
59
17
52
14
80
17
26
49
15
19
37
57
85
23
44
87
74
11
45
74
89
27
23
85
67
54
17
84
74
91
48
43
99
40
71
79
57
23
34
42
65
93
85
68
80
25
85
85
41
49
95
55
27
28
48
53
89
59
79
37
11
15
31
48
55
17
21
28
93
35
12
36
87
23
92
97
71
32
31
23
93
24
21
82
71
94
62
75
94
54
18
47
47
37
90
95
77
18
84
97
95
76
16
39
21
90
78
28
76
61
29
18
82
21
42
26
37
73
50
64
42
35
41
73
84
15
99
95
99
26
15
65
68
89
30
71
99
80
66
92
71
57
59
63
62
21
78
37
100
94
79
39
58
79
61
77
19
67
34
76
83
43
19
89
94
20
17
32
13
75
75
73
67
62
13
92
66
16
60
86
85
87
26
89
20
73
29
17
53
50
60
33
74
37
27
37
88
87
54
42
55
68
28
19
63
14
43
96
59
80
97
33
77
91
55
57
54
18
49
52
82
89
60
76
28
10
53
49
32
37
28
10
23
43
52
88
53
37
27
13
73
30
36
38
81
45
55
33
29
76
54
58
99
34
10
33
74
38
42
11
38
12
90
38
35
83
63
53
37
61
49
30
71
22
70
61
85
78
81
27
70
40
59
72
20
94
68
82
75
15
95
61
90
25
37
45
46
80
96
73
10
51
60
60
89
40
47
57
93
37
29
53
39
15
95
75
26
26
16
76
79
16
48
70
100
28
29
49
100
19
67
96
69
13
65
27
88
90
84
100
17
45
55
21
78
58
85
23
24
57
30
93
31
36
25
11
69
51
36
43
70
74
10
98
29
94
13
32
12
50
95
45
28
54
37
54
48
66
45
70
15
34
74
60
77
49
38
27
76
37
35
54
73
39
24
42
69
44
82
84
97
99
24
50
38
81
49
44
82
41
13
79
78
76
44
80
72
59
19
75
46
24
96
84
83
12
52
63
94
68
49
93
12
40
67
70
45
71
61
16
42
52
89
26
42
31
85
65
64
41
89
40
49
37
98
52
34
53
20
50
11
38
91
83
85
43
68
80
51
64
55
70
70
84
21
45
75
35
84
42
89
81
80
62
11
16
27
57
64
71
44
54
98
54
75
64
77
94
48
42
54
87
91
37
11
34
16
20
98
18
29
88
20
70
95
19
11
94
33
22
52
42
41
38
71
77
80
36
42
83
26
90
47
90
62
94
22
67
11
95
99
16
65
49
76
88
85
49
49
19
90
44
27
56
46
55
33
43
73
10
21
11
24
29
37
93
27
89
40
98
99
46
78
67
80
19
32
24
52
39
29
17
89
53
33
90
81
75
65
70
32
92
53
32
68
74
18
45
51
15
25
93
52
32
41
18
52
17
22
66
29
29
52
25
11
41
26
45
67
58
73
17
33
20
97
49
80
24
78
72
31
77
12
48
53
95
72
80
44
37
80
89
36
79
12
77
89
36
48
87
27
61
54
89
37
73
17
59
79
18
31
17
30
95
59
40
47
23
84
16
35
100
90
95
88
71
11
23
38
37
57
25
79
42
20
52
27
73
29
30
12
20
63
15
11
75
21
55
52
54
63
38
87
24
77
60
33
56
36
69
98
49
94
26
55
73
44
35
75
43
87
60
63
87
86
82
55
42
37
86
81
69
22
91
95
13
92
69
75
83
94
80
76
96
24
82
74
97
40
55
63
76
68
25
87
85
89
87
48
79
54
22
67
16
37
25
32
76
85
24
36
29
91
82
23
91
74
86
68
96
13
73
46
97
92
22
95
86
75
48
40
27
22
36
41
56
30
62
48
36
10
76
49
51
18
22
18
41
99
21
48
28
42
16
23
18
29
27
26
46
42
97
25
77
85
27
18
47
76
38
34
83
11
51
33
92
63
16
28
50
52
54
44
40
42
12
39
36
97
30
72
14
75
87
60
48
18
68
19
67
98
85
50
49
28
11
13
43
50
95
42
35
71
94
77
92
10
94
79
63
74
17
80
54
97
45
40
52
33
56
63
58
80
53
85
26
24
45
100
47
51
28
20
98
24
26
69
64
34
26
29
30
97
65
69
32
85
93
13
84
88
68
78
89
29
68
99
43
36
42
44
68
73
18
33
67
43
31
47
99
18
14
39
24
17
79
61
11
54
86
65
83
54
98
98
27
35
62
82
92
21
84
49
69
31
18
64
43
78
78
44
70
62
96
95
68
79
38
82
48
89
55
70
42
54
32
45
23
88
85
94
13
23
67
38
13
97
56
86
43
77
84
61
36
68
39
74
65
36
19
54
100
88
38
99
75
43
48
27
36
15
62
17
80
81
72
47
51
86
75
75
62
93
17
39
43
29
40
54
40
25
19
95
41
71
57
33
85
78
38
72
36
85
28
17
33
66
80
78
51
97
16
93
27
80
58
87
68
44
55
93
93
12
15
37
25
10
66
41
11
97
83
16
80
20
30
60
62
18
79
74
71
26
93
27
39
74
10
48
75
16
23
71
41
29
86
95
93
15
88
81
28
57
82
70
38
96
86
40
90
64
67
60
69
56
72
37
24
39
47
30
16
29
60
61
87
33
36
12
44
83
62
47
60
95
98
60
51
33
46
21
43
77
10
48
22
100
62
92
68
10
54
65
44
91
28
43
54
62
44
77
17
19
34
13
34
70
42
17
89
12
52
62
92
11
100
61
76
67
18
88
97
25
22
65
38
15
45
83
37
85
94
40
59
11
25
32
39
35
82
55
26
40
20
62
87
80
32
30
95
43
56
86
33
53
27
68
51
73
54
52
59
39
78
25
61
53
75
94
85
22
13
97
99
16
91
73
18
70
81
76
42
21
33
64
71
42
69
86
43
85
83
34
24
74
70
40
71
60
37
70
11
85
21
76
90
32
24
84
100
15
42
21
68
96
66
82
28
34
33
51
71
43
77
89
53
30
68
18
46
33
19
40
10
83
73
97
52
84
28
63
49
48
98
81
57
94
18
36
100
69
92
81
10
33
76
10
43
63
56
73
49
46
73
58
71
61
84
20
44
91
43
76
63
44
35
100
43
85
90
70
27
99
49
99
90
70
11
43
17
30
17
48
46
18
33
14
48
51
28
29
34
34
20
14
65
38
38
79
99
79
48
79
90
96
70
35
13
41
97
78
76
56
25
50
85
37
41
70
20
24
83
61
72
21
66
35
64
71
81
62
95
77
97
39
28
79
56
99
18
53
97
95
46
13
85
12
48
99
15
16
14
13
53
44
29
33
50
15
73
96
69
56
86
74
13
15
30
19
89
32
55
10
53
61
21
41
69
40
72
26
15
13
28
71
98
95
53
86
93
28
92
78
84
83
26
65
93
72
18
35
63
46
14
77
69
45
16
81
79
76
35
86
49
35
79
48
29
53
22
71
34
41
53
53
14
82
70
57
12
92
91
99
45
68
29
90
12
24
50
89
85
45
88
94
77
51
83
89
24
26
77
88
100
43
45
60
31
65
96
39
61
59
79
63
35
23
71
41
92
66
30
15
84
54
10
53
25
45
50
45
58
34
97
34
46
96
76
61
25
66
69
10
12
28
80
58
16
20
18
16
71
48
59
98
61
43
34
44
36
83
85
68
30
12
39
18
76
80
78
96
92
87
32
67
83
81
99
44
72
100
91
22
59
47
61
11
87
21
39
77
35
51
16
99
21
72
57
21
61
64
58
27
13
78
50
26
21
92
69
60
88
82
92
45
14
39
38
62
73
20
85
51
57
100
22
93
11
56
24
44
22
28
23
83
70
43
84
66
43
37
76
66
56
89
59
10
58
86
97
39
83
56
34
58
44
29
39
91
93
70
84
91
86
34
69
36
58
21
98
87
12
86
47
100
58
49
60
78
32
72
68
61
18
61
36
14
40
90
64
55
55
46
15
74
93
61
25
100
52
17
62
12
38
16
91
24
79
67
51
74
65
67
46
97
51
60
61
79
69
67
26
25
80
97
58
71
96
87
92
61
46
63
24
96
76
81
19
67
12
88
99
91
16
37
45
83
66
69
70
92
67
36
12
39
57
65
89
83
17
76
98
44
25
88
44
79
53
83
32
89
31
28
60
38
87
69
70
73
69
21
23
41
84
63
49
63
68
55
78
18
81
23
39
99
65
17
87
36
98
77
49
48
28
13
94
84
39
31
42
25
36
22
73
13
39
27
52
35
95
100
66
65
48
65
25
85
67
59
22
69
70
54
72
76
79
49
80
62
91
83
67
61
41
14
96
11
71
92
22
11
37
23
22
32
34
14
67
53
10
49
88
80
83
62
34
30
93
81
53
41
94
28
64
49
83
96
46
32
28
45
65
29
64
47
12
19
88
16
84
37
74
98
72
65
80
93
24
54
46
25
86
37
85
17
34
35
44
27
73
79
31
52
100
39
79
85
73
97
44
50
80
79
49
47
29
32
98
19
64
94
12
98
38
45
80
17
85
68
18
12
57
51
26
81
42
94
52
80
95
95
27
87
74
53
33
16
95
59
74
16
60
12
83
42
72
63
42
25
42
89
75
60
48
49
44
23
91
52
75
45
42
16
78
22
69
96
88
21
69
64
44
38
28
37
53
57
48
80
79
89
100
63
19
21
99
63
24
32
78
42
37
96
44
27
47
10
75
56
30
82
78
43
42
70
71
37
13
84
31
18
53
15
82
20
13
93
87
86
87
88
89
30
20
71
80
44
52
27
13
69
22
33
11
79
100
91
97
45
21
34
70
55
73
43
91
20
66
26
74
42
88
71
46
53
14
87
24
66
41
39
76
100
53
91
13
84
60
79
44
19
78
39
39
82
10
60
51
91
51
27
11
99
66
54
68
60
92
66
13
91
40
31
93
94
11
83
47
52
60
95
86
89
85
25
88
29
63
43
56
