52
86
22
35
54
37
74
75
23
14
82
67
51
15
66
27
56
67
72
76
17
11
69
12
83
93
33
40
86
56
45
76
39
94
93
47
99
24
83
75
23
51
23
52
78
58
79
38
35
96
65
61
98
83
46
95
55
68
18
35
82
10
86
12
53
52
40
51
76
84
57
85
76
25
54
65
49
78
70
83
84
31
56
86
42
84
100
25
80
79
70
51
90
22
81
45
94
72
28
49
15
22
23
71
95
62
59
27
13
52
69
35
12
90
32
66
68
100
48
57
70
74
89
21
67
76
41
62
50
90
31
51
75
17
86
81
78
15
16
28
26
67
86
42
11
40
50
13
50
25
18
45
19
95
49
34
67
76
82
28
37
61
14
74
97
57
84
83
22
83
84
78
21
18
67
60
71
90
95
22
18
29
29
55
22
75
100
16
37
87
42
78
35
11
60
38
40
31
40
48
23
48
50
19
60
68
15
65
11
84
43
21
21
12
100
49
75
49
43
63
14
14
35
94
52
69
50
35
44
100
72
20
61
16
79
28
88
35
59
17
12
72
62
16
13
46
75
83
87
40
35
100
54
30
82
44
83
78
42
78
67
87
12
62
67
25
53
29
58
68
27
60
68
70
27
16
42
24
58
38
56
98
51
50
11
23
25
60
31
77
25
81
41
63
70
51
22
17
36
33
13
83
31
72
93
25
15
36
55
33
74
44
74
65
64
88
23
74
58
36
87
92
50
67
35
16
79
25
30
36
99
46
90
62
98
22
91
66
82
78
10
57
60
80
46
67
61
61
44
81
31
11
64
69
14
34
78
16
66
60
71
92
35
88
57
72
76
36
42
32
25
65
35
83
26
12
57
35
96
60
23
25
54
38
48
44
74
94
32
68
45
21
76
56
96
67
60
21
58
100
56
61
98
14
95
13
100
76
13
22
56
91
95
91
53
98
30
45
21
65
35
45
45
50
26
44
66
92
42
74
73
76
23
84
91
99
39
92
100
64
22
41
12
80
42
66
48
61
31
98
96
50
46
42
87
27
100
84
16
73
49
38
57
31
45
56
75
79
95
46
65
21
65
45
26
40
75
34
70
58
26
69
22
64
15
46
91
96
37
37
20
27
31
74
24
94
21
81
13
35
46
46
10
12
51
56
77
62
68
78
41
65
37
73
23
21
74
38
90
37
100
13
48
52
36
94
91
58
52
24
77
86
14
76
40
81
77
36
52
69
56
86
68
48
38
50
96
20
80
97
10
99
21
61
76
70
20
76
97
75
29
89
62
46
54
25
13
21
44
89
14
78
89
56
96
59
42
42
27
81
86
29
49
42
62
14
83
86
16
92
61
97
60
49
18
17
22
67
19
67
42
69
33
86
19
59
50
62
48
71
60
21
46
95
59
38
44
10
36
29
89
52
96
95
37
24
30
21
49
15
97
85
78
22
80
26
93
78
40
27
46
79
82
35
87
99
49
36
59
79
13
80
78
27
46
36
61
38
64
51
91
28
78
47
51
52
50
78
57
25
83
93
42
22
71
40
74
25
52
86
100
64
79
67
34
94
15
56
30
43
98
39
13
11
80
99
53
30
81
77
68
48
25
39
33
92
95
55
57
55
76
79
85
100
16
98
10
52
30
40
47
64
14
86
44
30
23
22
80
59
85
28
69
60
71
27
19
69
42
82
77
65
57
64
89
31
88
91
42
84
14
42
92
46
64
99
39
82
24
54
44
11
17
38
100
44
52
12
86
72
64
48
76
64
25
89
31
68
83
54
91
87
92
21
85
21
48
95
41
60
21
67
39
80
37
22
25
70
91
40
53
30
40
45
27
28
75
31
94
70
61
80
93
31
95
30
23
24
26
90
10
43
31
28
50
41
35
80
80
45
18
96
15
84
45
84
47
32
64
43
80
66
98
11
19
95
42
45
91
80
56
92
79
23
66
78
84
100
78
43
29
49
39
40
47
68
61
84
10
67
94
86
91
88
78
32
92
89
54
21
97
51
41
99
19
70
69
95
49
26
57
10
94
55
90
13
69
30
54
55
50
27
96
25
35
75
65
59
70
87
50
16
35
60
38
40
55
78
61
47
26
26
24
79
46
58
89
88
66
84
89
13
24
86
99
18
80
68
32
20
11
72
67
83
10
35
16
18
40
51
50
75
32
41
59
82
31
51
72
36
58
90
56
55
66
46
16
28
52
95
50
95
52
41
17
16
15
25
58
36
40
47
67
50
47
15
31
35
86
11
54
94
29
70
29
13
48
80
67
99
45
99
94
31
37
64
29
35
41
50
41
17
75
64
44
37
81
70
29
28
69
21
48
43
65
65
57
66
89
74
92
29
50
10
52
17
27
37
22
24
98
67
22
61
22
84
94
80
32
58
97
76
32
68
86
44
85
98
38
56
70
28
10
43
69
59
72
63
65
45
17
44
84
87
88
92
15
12
51
55
91
19
50
94
14
51
97
42
82
29
39
78
17
17
27
29
94
92
51
86
97
69
41
39
86
69
13
21
96
99
20
31
65
63
30
98
52
41
97
12
59
69
24
56
77
24
78
24
45
53
55
97
76
94
25
87
25
38
57
36
36
66
43
48
53
55
11
96
28
37
22
12
94
71
75
78
20
34
97
97
87
52
46
12
46
25
78
48
78
37
20
71
60
80
31
70
45
13
77
100
60
10
71
91
20
66
66
77
67
39
93
26
48
47
16
32
58
22
39
74
52
85
37
35
29
30
20
77
42
76
11
21
16
57
90
28
91
85
72
57
79
31
98
42
19
69
20
64
67
82
26
34
41
39
16
35
76
97
21
15
48
81
62
53
37
59
94
68
49
70
65
25
19
76
32
36
86
42
38
37
15
99
53
81
51
19
18
69
71
81
60
42
57
67
22
33
65
98
13
91
58
53
20
85
14
84
16
48
58
20
52
49
40
45
55
83
68
64
100
66
57
55
67
27
66
60
58
55
52
78
53
44
41
73
92
71
20
31
70
45
36
28
27
11
10
21
53
10
15
22
65
38
69
15
59
28
76
17
44
38
55
65
52
86
78
65
75
70
79
83
35
84
12
11
42
39
54
91
58
87
59
14
71
79
74
30
64
98
83
48
47
85
20
53
33
85
85
66
47
14
49
65
21
40
72
78
56
43
39
65
17
20
17
77
86
21
100
94
100
21
90
10
50
25
83
34
18
99
52
21
61
90
80
29
42
60
49
100
63
30
96
17
39
41
81
52
92
47
24
18
97
31
100
28
27
43
10
69
29
94
68
41
12
41
21
74
43
13
12
94
32
13
91
29
38
21
58
84
69
89
55
47
79
12
98
35
45
66
29
76
86
31
47
78
51
44
97
93
31
44
68
14
23
96
62
91
57
19
43
88
80
66
77
89
61
100
83
74
72
98
11
32
17
56
80
70
66
26
89
61
41
39
22
66
19
18
61
96
11
89
24
26
96
67
27
35
74
78
70
76
96
59
79
12
46
48
71
52
35
96
33
70
80
37
54
98
84
51
33
26
25
16
12
13
91
18
47
57
41
92
41
86
87
51
12
94
91
55
13
54
11
73
67
13
91
22
86
67
17
31
29
56
13
27
95
84
50
18
81
44
69
23
96
42
17
92
39
86
81
46
92
19
86
59
51
48
82
32
99
79
55
58
87
84
10
98
86
90
39
82
96
81
14
15
49
55
55
87
98
75
39
77
35
68
33
64
34
91
87
36
97
90
98
50
74
87
30
10
66
59
28
37
29
71
67
28
77
88
73
55
63
36
86
17
19
60
12
98
49
20
32
89
86
31
18
15
29
69
99
86
53
31
90
66
30
74
67
22
91
63
49
98
69
47
54
14
45
18
100
86
68
100
33
68
55
26
78
62
93
91
56
23
29
33
20
99
51
94
47
71
87
25
62
36
72
15
46
37
26
67
83
26
29
50
15
27
100
28
52
100
39
67
11
54
94
98
51
48
27
23
11
30
69
93
75
63
10
12
13
50
37
70
26
31
68
43
88
27
43
64
22
57
82
57
77
59
65
80
84
10
26
25
84
55
29
24
67
99
38
18
48
98
89
39
10
98
47
48
92
22
48
70
57
23
95
57
98
79
19
11
93
10
75
90
97
99
64
45
16
72
92
31
93
71
85
26
83
69
21
73
55
71
29
79
27
17
21
53
87
95
52
17
50
47
51
16
83
54
68
86
76
67
40
33
77
96
26
57
47
39
24
94
83
49
82
39
16
45
96
34
71
72
77
32
18
40
71
78
54
48
53
84
44
14
23
18
23
71
89
65
64
15
14
11
21
13
21
72
74
28
89
83
64
49
90
92
75
94
14
80
28
62
13
85
81
12
82
53
36
23
95
98
18
10
24
82
73
19
26
26
99
64
37
84
100
91
86
47
96
28
94
82
34
44
36
26
66
75
70
41
47
33
35
80
56
32
26
26
69
18
94
33
64
80
82
28
93
72
70
31
66
48
84
88
96
65
32
38
63
14
44
58
76
53
96
61
79
93
49
92
32
91
40
22
24
76
87
95
78
48
