95
93
56
11
72
42
11
16
93
42
53
56
27
99
46
50
17
86
22
10
15
58
59
41
79
26
65
72
42
14
39
93
29
94
96
42
10
98
11
66
71
57
14
85
94
14
18
64
29
34
80
79
28
68
99
37
64
94
59
93
70
51
73
22
96
43
93
81
63
62
63
33
22
20
45
18
42
43
94
48
21
71
81
59
16
57
70
36
88
48
97
32
59
36
86
70
98
96
26
15
57
87
87
89
15
22
90
43
38
67
28
34
95
33
96
63
84
19
44
12
80
91
88
88
63
96
65
46
94
72
36
98
93
78
26
83
52
89
24
11
59
67
72
33
91
49
49
41
69
31
88
35
87
71
38
79
22
60
81
91
64
10
18
30
93
37
80
19
61
52
62
20
12
45
29
67
41
58
13
33
35
98
62
78
32
49
29
85
14
80
55
31
73
33
93
49
20
28
95
45
15
51
68
24
21
42
44
44
58
88
14
23
34
80
16
63
81
31
94
64
52
57
35
56
48
98
55
82
41
76
15
23
48
91
27
53
32
49
69
77
12
95
52
62
62
22
68
77
57
93
57
47
64
42
18
62
16
34
35
40
80
87
73
60
100
56
16
21
12
53
11
25
79
13
65
40
52
76
30
100
50
95
66
16
50
46
78
43
31
54
37
64
22
67
75
55
16
57
86
88
16
15
25
47
25
94
49
23
88
43
34
66
12
78
63
38
96
26
12
42
75
20
54
10
88
87
16
74
83
15
47
13
46
18
24
31
40
59
92
94
72
31
56
62
42
27
14
38
92
99
74
74
36
98
52
89
46
60
63
81
15
75
50
46
67
79
44
53
76
40
46
100
89
15
24
67
62
15
24
15
71
90
32
97
16
44
87
16
45
75
98
65
71
28
67
89
25
83
12
39
31
76
13
29
87
18
90
33
39
42
79
58
29
76
93
92
83
99
85
56
64
37
48
99
28
47
78
67
43
81
15
70
54
79
84
89
28
63
90
16
15
93
41
43
83
13
74
75
77
70
60
38
22
93
72
97
88
19
75
90
12
91
25
53
64
99
90
33
48
89
83
34
10
34
42
23
51
42
39
48
51
23
39
89
62
90
35
96
94
72
47
32
29
82
92
10
88
87
94
50
72
86
84
42
23
27
41
74
78
63
40
62
99
43
84
10
11
31
32
56
19
69
92
40
68
18
88
39
29
54
69
56
37
82
26
93
53
94
62
58
72
63
72
64
30
85
16
99
22
41
81
99
65
92
70
26
79
90
67
41
16
82
40
29
17
58
19
29
92
13
75
79
85
19
62
11
38
29
62
50
14
92
63
58
67
58
82
99
98
52
91
73
98
40
75
39
64
17
53
34
43
54
70
88
94
31
81
22
41
57
57
82
82
98
43
81
82
55
77
90
10
89
82
19
72
90
79
87
99
55
47
68
49
18
74
56
17
58
14
97
39
48
30
56
92
16
72
19
21
25
84
18
99
95
55
82
15
31
33
19
81
65
41
23
37
72
16
79
34
36
28
33
18
53
89
52
51
64
82
28
47
41
11
21
77
69
30
73
51
18
57
70
49
20
20
63
40
64
42
82
36
95
48
26
86
69
42
31
60
43
95
86
93
39
92
50
51
30
68
43
58
41
95
27
68
33
27
39
94
75
23
47
38
71
47
99
28
96
16
11
34
97
43
33
39
17
37
74
50
51
21
22
98
28
57
56
21
56
17
81
90
96
75
51
57
93
60
57
80
73
96
28
14
62
52
90
33
56
88
10
61
16
78
71
57
86
73
25
14
60
42
81
33
41
42
42
88
63
68
84
57
62
94
64
47
50
93
61
28
42
25
70
62
81
67
28
46
86
19
33
92
51
58
100
100
16
75
15
86
22
13
84
95
22
95
94
10
86
23
93
34
94
55
38
66
89
29
34
29
53
76
56
67
19
47
54
84
21
52
36
49
52
92
45
13
12
17
39
13
47
58
74
31
70
56
11
19
15
43
40
83
71
18
46
52
70
65
58
67
76
68
57
55
82
94
83
99
73
84
36
22
28
67
52
20
78
95
62
64
85
47
86
55
30
82
89
56
90
39
59
71
97
32
22
83
24
74
99
76
27
77
48
79
79
85
19
88
16
92
14
46
17
94
14
32
12
98
78
44
30
68
91
26
80
35
36
85
100
35
41
38
71
16
100
72
44
55
49
51
41
10
46
55
37
66
67
49
78
32
41
99
30
56
25
34
69
61
43
56
43
46
67
20
34
99
56
55
50
98
18
62
27
24
66
83
44
26
30
99
89
64
85
50
40
71
25
72
37
57
56
17
65
31
11
41
40
62
79
24
42
60
16
11
74
16
25
81
60
11
15
15
24
13
100
11
98
46
12
25
96
47
24
100
63
13
17
14
33
83
60
34
17
15
62
64
63
39
55
82
67
62
28
46
13
40
82
89
22
86
86
56
73
31
55
67
40
92
14
78
67
54
69
57
19
53
12
14
74
24
71
54
22
90
81
72
25
36
27
11
65
12
73
45
29
51
14
70
63
40
17
75
45
89
60
20
21
32
75
58
46
41
48
20
33
62
52
12
17
45
64
73
51
40
89
58
83
95
30
95
82
33
70
37
61
38
27
53
13
29
12
84
40
11
29
59
54
17
34
35
95
46
76
25
53
42
92
87
42
80
96
78
19
56
31
98
49
96
29
83
90
12
17
96
24
47
71
11
37
35
59
73
97
73
80
70
61
41
76
89
78
95
30
44
60
39
83
95
95
94
58
44
28
80
82
71
25
99
52
75
78
42
74
26
96
17
60
65
84
51
35
64
62
95
94
49
42
55
71
28
41
90
45
74
93
17
38
62
32
89
69
91
84
40
26
50
11
81
32
63
51
35
38
46
61
43
87
10
53
15
55
33
68
96
40
46
19
16
88
91
73
25
43
78
59
96
90
14
80
27
88
65
20
12
54
43
70
67
36
47
19
56
27
98
95
58
62
19
27
62
17
26
78
33
46
11
98
51
93
87
80
32
58
14
50
86
28
22
87
28
16
68
36
44
62
90
41
89
65
99
80
11
44
66
58
81
31
38
91
43
52
69
27
34
38
45
96
33
92
53
82
84
54
20
51
96
57
64
78
75
76
84
94
30
56
82
58
80
29
12
82
53
24
95
65
13
45
94
83
75
46
51
33
62
99
90
12
58
26
53
81
90
38
67
15
38
83
13
88
66
23
16
34
18
33
91
74
31
10
94
23
23
64
74
19
34
78
27
77
48
14
73
98
99
29
33
38
83
16
25
96
26
19
88
76
92
89
16
66
100
70
63
12
97
32
33
20
76
97
25
66
71
50
98
33
61
15
73
31
63
33
48
56
36
99
61
44
72
37
97
57
88
98
45
20
12
44
75
12
68
28
11
42
85
51
13
25
89
35
13
64
58
10
50
26
76
36
73
38
96
39
99
69
79
57
53
61
11
83
65
85
99
65
16
98
15
47
54
62
95
84
17
62
41
35
97
53
68
18
92
59
78
46
27
46
45
20
49
100
54
86
66
46
37
83
37
32
13
42
10
27
47
30
29
23
39
97
23
73
17
62
96
29
90
38
90
49
21
83
89
10
97
95
11
36
31
34
11
42
83
30
36
28
56
46
23
15
22
15
94
95
87
67
29
50
27
12
96
38
67
100
28
29
60
54
13
48
36
31
34
11
52
29
60
94
28
35
31
68
83
78
42
34
28
23
77
100
70
28
70
54
46
32
74
19
47
62
24
91
11
71
59
28
59
61
13
10
34
57
32
52
69
25
68
72
75
24
10
96
50
87
28
28
77
80
87
37
32
39
30
74
33
18
78
47
34
27
62
95
93
37
79
79
96
70
43
20
16
84
67
38
43
66
39
82
30
89
31
52
22
92
58
70
69
53
15
49
71
65
60
31
75
18
64
57
64
48
73
67
96
69
24
37
63
98
14
23
67
30
54
38
99
13
17
96
75
72
17
39
48
77
41
22
50
59
100
82
91
57
28
14
31
77
78
21
29
50
78
11
91
31
67
72
30
37
47
28
89
36
31
35
75
14
85
98
30
100
75
62
33
23
85
91
16
97
40
20
44
12
70
82
99
56
47
23
41
21
51
11
39
74
22
33
47
67
96
73
84
88
100
22
60
16
75
93
10
25
29
100
90
96
79
46
29
74
52
17
98
15
60
33
33
19
18
11
92
83
89
12
45
45
37
48
37
76
85
51
85
66
15
18
46
83
71
33
30
18
55
75
98
62
96
64
62
61
71
77
46
10
93
100
47
47
51
27
94
82
53
49
43
89
64
27
37
39
29
40
81
13
49
99
82
80
86
87
57
60
10
27
63
23
67
34
70
11
16
82
66
79
78
75
14
91
17
33
26
14
30
49
62
13
46
77
78
69
16
61
80
78
16
17
65
19
38
92
28
91
82
14
97
41
56
92
49
78
66
24
17
54
63
48
75
97
94
24
24
86
89
36
72
77
80
16
58
19
59
88
43
86
94
12
50
42
23
57
69
64
77
98
90
22
89
62
28
10
63
82
50
54
60
74
36
84
28
10
87
62
64
98
97
26
13
15
10
86
21
46
17
46
77
49
12
80
75
48
84
33
74
48
89
72
45
98
68
94
36
87
55
21
96
70
38
14
13
59
71
94
70
92
36
98
83
38
92
32
37
25
19
87
70
66
14
30
86
24
86
93
50
83
22
47
58
13
68
72
91
95
80
56
96
25
12
30
58
32
17
26
56
89
85
82
74
35
15
42
15
27
52
69
94
73
38
17
40
76
69
42
23
68
38
29
70
70
32
27
98
80
72
53
95
61
99
37
22
88
49
70
32
75
95
16
16
32
56
52
89
92
27
34
64
37
71
46
83
34
17
15
44
24
58
79
51
40
90
25
47
94
80
93
87
22
65
63
71
74
48
95
31
73
26
76
97
23
73
82
40
36
20
83
25
37
25
92
27
20
70
59
24
94
64
35
65
21
25
22
41
45
11
37
26
68
53
19
46
19
36
18
74
95
34
30
59
58
48
48
74
93
73
28
69
99
66
33
83
53
10
58
34
16
74
48
50
39
60
27
59
97
29
63
62
54
53
18
27
62
21
53
44
49
64
19
16
96
55
29
88
72
95
69
15
81
64
51
51
10
43
14
22
10
63
46
47
19
78
11
95
19
92
22
36
69
30
90
62
37
97
32
18
13
70
74
46
15
86
77
93
26
72
65
27
60
10
16
100
39
68
47
71
89
78
75
29
56
30
95
30
100
23
100
53
50
42
72
49
17
25
38
61
97
67
19
91
60
76
20
58
86
17
55
98
38
56
94
55
67
70
29
63
56
45
11
14
11
77
21
93
80
31
85
41
21
43
54
75
24
53
18
55
82
30
16
46
88
87
17
14
36
44
71
44
77
37
25
37
73
11
62
85
32
79
78
52
54
91
10
36
30
79
66
99
82
69
54
81
83
30
21
66
43
61
26
30
54
45
31
12
17
51
61
86
46
23
40
81
66
13
80
92
57
28
22
48
53
10
64
91
65
39
32
33
75
44
24
19
38
39
28
88
21
20
35
25
86
46
70
19
98
78
99
48
21
40
28
42
24
27
44
75
87
51
52
76
27
17
59
81
45
82
70
31
11
41
29
96
100
36
58
67
64
63
41
