100
44
11
96
37
14
29
63
29
31
93
84
20
24
50
90
89
34
18
75
60
52
82
10
61
83
67
62
59
46
16
14
73
86
76
14
84
88
44
42
96
27
93
74
38
65
79
57
59
44
33
71
45
49
31
84
62
50
21
86
64
73
43
51
42
37
60
65
97
19
73
79
83
42
49
73
57
47
63
97
66
50
17
49
51
69
35
35
19
27
20
81
16
47
20
63
60
65
49
14
88
28
27
52
23
79
31
63
22
85
73
48
40
60
74
34
100
69
99
43
84
94
98
72
15
54
81
65
87
25
38
99
95
47
75
18
71
76
21
16
77
44
55
74
23
16
78
38
21
32
42
82
79
16
66
36
82
15
83
61
82
82
97
97
37
16
60
66
48
13
92
51
76
48
70
27
55
71
16
53
42
61
23
94
71
99
14
95
86
31
74
21
59
52
54
70
92
59
22
99
85
99
92
24
44
50
52
17
96
30
95
30
44
82
100
46
23
33
67
76
58
80
20
60
98
14
68
52
100
17
37
91
45
37
89
86
75
11
38
58
40
97
14
23
21
61
30
100
74
27
32
100
22
27
61
45
94
96
65
100
38
93
95
19
95
36
22
40
15
95
79
99
32
39
75
44
38
44
36
81
40
35
72
92
40
42
96
68
88
44
45
47
12
91
74
52
75
53
68
18
44
19
98
50
11
48
49
88
36
43
73
23
68
51
73
56
22
85
44
22
79
32
23
96
64
65
65
26
18
56
18
86
38
13
73
71
94
52
34
96
59
17
19
47
57
15
85
98
55
83
31
52
88
40
52
75
77
74
78
59
55
85
44
76
22
34
57
48
87
21
65
12
35
45
11
99
19
89
22
85
55
57
20
59
35
82
50
32
41
51
58
62
63
58
14
19
98
21
96
97
85
84
24
18
19
24
60
100
21
19
90
26
16
89
62
16
46
15
50
28
82
52
26
27
79
13
23
36
30
80
47
59
33
67
32
84
62
58
98
55
28
70
83
43
35
95
12
59
64
20
67
53
85
95
38
95
10
92
86
22
20
24
56
37
33
76
53
52
85
97
11
35
76
93
82
49
33
19
100
84
18
81
69
22
97
11
54
89
12
96
68
74
61
73
76
69
91
100
81
94
90
65
58
79
94
31
17
77
89
85
53
45
27
98
32
43
48
32
67
51
77
97
84
20
83
80
56
13
94
98
47
24
54
96
72
23
35
94
80
30
31
93
46
50
47
41
82
49
69
47
53
80
33
34
23
18
23
45
51
35
96
55
91
27
73
52
54
86
16
27
76
71
52
94
51
70
28
14
18
44
90
10
14
71
78
67
21
94
19
92
91
15
25
77
20
56
76
12
36
25
43
96
80
76
94
25
80
13
61
31
56
72
50
96
20
52
22
94
40
12
21
73
44
57
79
36
37
17
76
38
70
56
57
18
82
31
17
64
15
85
12
81
35
49
89
34
87
48
78
57
61
13
95
67
38
56
82
53
78
58
93
96
40
17
71
66
56
97
86
36
38
35
11
50
44
50
89
86
51
23
72
55
80
44
75
77
24
56
26
93
90
60
44
18
81
73
47
37
100
84
22
70
39
85
90
34
17
39
52
78
87
17
73
95
25
18
10
37
35
58
81
55
13
12
38
67
55
32
79
80
71
45
63
64
59
38
95
55
33
56
85
34
22
61
94
89
45
28
91
52
18
80
79
27
78
58
70
63
14
75
29
92
32
54
44
27
44
82
25
73
82
67
16
53
100
36
37
35
59
94
23
83
86
93
16
39
69
75
33
68
13
21
53
84
67
44
100
94
96
24
100
69
88
65
42
10
10
64
19
76
92
23
87
35
87
44
79
49
99
31
11
14
52
82
96
73
84
16
20
43
81
97
90
91
21
69
61
80
13
50
99
43
27
36
55
93
78
78
20
29
54
85
52
22
48
99
76
38
56
43
60
62
30
32
72
76
60
22
51
80
61
34
37
100
82
38
33
91
46
67
89
33
92
71
54
44
94
44
42
57
59
45
73
79
13
82
51
91
98
18
41
64
88
41
35
27
17
73
14
26
17
55
26
48
68
96
33
98
17
46
20
53
100
63
82
93
44
23
87
32
71
34
46
37
88
25
96
77
25
41
15
20
80
16
51
19
55
47
50
37
70
11
47
99
71
53
14
98
56
56
42
96
33
82
61
28
50
46
20
53
23
91
32
95
54
26
14
84
36
62
64
71
22
29
97
99
81
71
14
10
30
22
71
34
49
78
88
91
85
89
39
43
37
11
63
77
22
75
89
22
22
88
89
33
44
22
51
16
79
87
63
63
42
51
62
63
34
11
70
44
72
60
56
76
57
81
50
83
95
50
22
28
24
24
83
85
100
31
61
63
17
40
25
19
19
39
96
27
33
99
78
18
36
99
84
12
64
46
33
70
53
97
42
88
56
26
26
84
33
83
76
85
13
91
41
68
76
90
69
82
59
80
58
50
89
60
97
79
90
30
32
75
51
19
60
71
29
44
21
46
49
67
67
19
12
74
40
25
100
16
22
91
33
75
23
96
44
16
84
15
82
91
24
54
92
69
100
57
90
38
66
91
43
69
48
17
46
11
92
95
20
75
63
37
77
54
19
25
27
52
10
99
39
67
82
24
74
78
58
51
21
97
19
64
36
23
67
11
83
69
17
20
59
45
22
70
91
22
75
17
71
13
66
21
13
11
40
52
37
26
50
66
58
15
41
20
60
92
44
89
19
54
52
16
55
24
25
55
86
12
91
16
21
82
77
29
54
87
35
33
24
55
73
20
50
63
85
19
88
63
85
66
99
12
27
43
93
21
89
98
