40
80
42
20
37
62
52
60
24
11
73
21
38
36
83
53
65
10
99
78
55
12
40
19
87
66
10
30
78
61
84
19
53
42
46
54
75
36
57
52
72
15
63
22
49
85
83
26
19
32
75
40
50
41
48
43
17
34
80
21
12
52
37
58
45
74
67
18
72
29
84
31
47
73
81
44
91
86
57
22
94
65
75
14
40
30
50
24
71
62
47
72
43
73
72
48
36
73
17
59
83
95
77
19
67
99
38
67
36
90
47
68
59
36
84
54
69
30
87
72
80
61
87
63
48
84
39
97
54
54
64
79
75
10
74
41
52
81
18
66
35
69
82
16
82
25
10
67
14
88
96
39
63
20
91
67
100
32
80
54
10
14
30
50
21
99
26
46
11
49
99
30
57
52
28
68
21
51
24
26
41
64
41
34
37
47
68
78
69
74
51
47
11
52
76
50
79
48
53
42
66
76
93
33
78
11
98
69
56
13
40
86
26
22
42
90
11
55
85
70
19
66
71
89
81
81
23
66
23
92
32
75
42
81
85
49
61
91
58
46
27
20
30
69
21
88
40
52
10
46
51
20
10
57
96
34
53
18
39
67
11
90
76
66
44
72
76
68
71
57
37
33
46
69
92
24
93
51
87
37
42
17
47
10
14
11
70
87
28
40
37
44
22
94
45
43
89
59
37
63
80
61
83
50
29
72
39
39
28
47
33
71
34
75
77
10
84
69
31
100
28
73
87
71
17
72
67
49
98
35
76
25
63
51
44
33
89
35
35
95
66
38
12
87
94
37
30
100
27
94
23
90
62
14
10
31
59
67
86
90
97
100
83
19
66
89
44
100
50
51
84
73
11
68
49
32
56
92
83
78
69
55
77
82
54
60
65
91
24
29
65
33
91
72
55
27
71
23
45
12
32
42
78
46
85
100
14
11
22
56
60
23
91
79
54
24
22
34
66
49
67
29
22
67
14
53
66
30
43
13
80
63
43
86
19
11
93
88
29
61
15
28
29
88
71
50
75
28
78
27
99
74
73
90
10
44
53
41
31
12
45
15
86
95
11
31
73
16
84
93
40
24
45
22
72
72
65
91
11
32
52
51
60
46
89
17
64
85
50
48
30
51
43
67
22
47
36
37
53
65
36
60
95
11
37
23
17
61
49
84
73
64
47
98
42
49
16
17
32
33
19
73
47
25
19
49
99
43
55
34
49
41
96
43
40
61
93
44
28
21
73
68
23
48
89
88
26
58
74
67
63
93
60
28
86
21
18
97
93
13
68
17
56
16
61
95
13
13
62
94
90
37
21
10
92
27
87
22
12
56
66
19
79
26
19
18
47
98
24
85
40
80
11
91
48
54
71
79
52
73
37
86
37
83
49
47
32
23
65
94
89
25
47
33
48
44
88
31
10
61
90
48
65
76
75
68
37
60
13
54
96
87
34
14
19
53
34
46
81
56
38
30
60
41
75
51
91
66
90
82
66
69
11
51
23
42
15
52
14
99
34
61
90
86
80
73
42
13
41
54
75
74
24
17
13
76
41
35
60
46
58
83
13
27
21
39
45
90
13
38
56
61
22
58
92
99
83
90
11
48
32
38
71
95
45
55
23
25
85
41
91
94
87
41
40
85
96
76
87
62
88
40
65
18
26
19
29
59
77
53
88
32
68
43
94
52
94
65
96
51
88
24
37
57
22
41
37
48
25
15
89
87
83
60
34
41
32
59
41
76
62
71
94
52
38
29
10
71
28
47
35
56
28
32
35
54
48
99
95
76
47
12
80
91
93
95
53
29
80
70
73
10
65
58
27
88
79
50
36
92
31
95
19
96
49
21
20
14
91
35
27
56
43
20
28
12
51
65
20
54
66
85
73
53
93
97
46
20
86
49
20
43
41
28
32
64
37
54
45
63
83
24
92
71
79
79
51
64
59
67
15
89
47
69
79
64
73
21
59
19
24
96
14
37
53
40
80
41
47
78
38
49
39
83
11
12
27
74
92
79
44
95
42
22
84
81
38
62
21
11
68
64
44
50
49
19
15
47
57
95
54
59
53
72
56
30
58
27
35
38
14
15
23
71
84
28
51
61
77
81
47
73
55
55
27
41
69
12
17
46
51
24
24
33
41
88
68
50
30
22
92
31
32
59
98
89
45
84
18
75
56
56
75
33
22
50
26
44
37
50
76
37
46
87
22
66
23
24
87
66
28
63
56
10
99
69
15
64
97
76
34
72
100
12
24
71
41
42
14
13
65
58
34
32
48
83
12
21
50
92
40
66
30
41
88
26
75
67
62
81
62
87
85
12
68
59
100
14
24
90
67
91
98
72
80
39
34
72
63
30
69
37
31
65
29
29
74
38
80
78
70
70
14
87
37
41
95
48
33
49
43
11
42
41
99
29
58
53
100
58
54
71
23
86
85
58
36
99
66
87
63
40
62
26
38
69
43
27
30
15
35
78
19
48
16
21
15
34
65
83
56
95
37
77
40
68
17
59
20
53
32
50
71
76
44
38
35
92
85
10
10
67
28
30
23
92
45
76
54
41
27
42
74
79
75
27
72
12
41
72
85
44
42
68
36
26
38
33
91
52
34
49
57
50
17
81
50
37
97
67
74
62
58
20
56
86
52
53
58
45
72
96
22
73
62
92
12
14
57
91
23
31
37
100
49
86
22
54
90
48
48
48
34
37
77
30
90
91
33
25
56
96
36
51
28
13
56
89
31
61
33
49
83
82
73
31
95
22
73
49
53
95
63
69
50
83
97
72
69
77
75
92
79
10
52
19
77
38
98
99
40
100
55
87
95
23
17
72
71
64
76
70
13
84
99
93
80
59
46
59
83
34
51
10
95
82
23
18
83
28
60
93
72
70
70
25
39
15
21
92
93
50
52
28
55
86
44
70
65
65
29
82
39
30
30
34
43
80
77
48
38
67
90
26
89
95
75
50
13
33
58
54
15
19
21
19
94
65
43
55
48
41
64
69
95
37
65
10
48
27
33
20
13
44
77
34
25
14
11
74
94
55
91
94
74
75
80
43
17
23
74
98
59
16
74
96
84
50
42
96
72
32
93
34
23
26
71
81
98
41
55
20
93
73
94
75
19
76
76
16
11
27
11
62
59
27
76
84
72
48
24
62
43
34
94
91
41
83
51
31
93
99
58
64
94
58
45
57
69
50
14
36
55
45
96
98
71
86
85
48
58
91
69
48
98
66
47
100
67
19
83
21
23
47
32
29
96
92
91
86
97
12
13
18
55
76
28
68
55
42
28
68
39
87
60
18
14
61
60
72
89
92
30
21
44
96
84
17
80
62
13
25
43
90
71
53
15
98
50
14
41
20
100
61
93
94
46
11
85
43
65
96
23
99
50
70
77
72
43
18
43
43
58
26
25
35
34
48
97
85
