100
49
54
12
78
30
65
31
90
50
80
84
53
72
94
60
74
58
17
24
45
19
33
39
91
69
48
56
84
66
60
95
49
63
22
71
83
36
15
64
28
49
41
14
17
28
65
27
65
28
21
17
33
68
51
91
97
28
91
82
54
12
47
33
30
65
56
57
91
88
77
99
29
23
39
86
12
85
22
64
33
95
32
10
44
56
86
38
72
10
57
30
28
92
68
54
34
93
35
41
46
82
66
15
89
70
46
43
60
36
63
18
67
13
12
94
19
65
59
28
91
37
24
86
23
100
38
21
42
58
91
26
69
72
89
34
84
30
24
62
20
45
11
24
54
61
14
97
79
65
68
93
54
36
41
62
90
10
58
57
46
85
19
15
15
44
70
17
25
24
37
45
97
85
64
46
74
86
89
12
83
24
40
99
27
28
65
57
66
75
50
42
34
12
59
100
12
61
98
14
68
64
46
87
68
33
43
28
24
25
29
13
59
20
66
84
16
40
69
55
73
85
25
17
81
32
74
90
88
11
98
59
12
93
16
97
37
59
57
16
73
74
65
12
33
28
66
17
88
86
17
63
65
19
79
11
83
88
29
75
83
47
77
19
43
30
89
70
48
39
17
54
28
73
71
99
50
19
55
25
43
10
49
83
57
41
42
80
33
19
78
61
50
56
58
36
44
82
49
90
46
37
31
98
51
48
14
94
36
58
44
52
65
98
39
22
12
21
17
88
93
16
86
41
10
10
32
45
13
87
39
70
49
45
11
16
55
15
42
80
43
42
31
61
41
21
51
55
43
41
15
76
72
24
32
11
90
78
20
21
11
68
31
18
14
19
65
14
11
83
22
60
90
21
44
93
50
66
41
90
88
63
42
89
50
53
39
64
39
41
33
79
46
39
78
95
56
41
24
68
90
12
10
33
30
72
74
13
71
77
66
30
87
69
16
76
94
33
94
23
92
59
66
99
88
38
54
46
32
76
67
27
15
84
73
84
78
81
56
45
23
59
91
70
86
44
35
83
26
87
57
55
80
22
62
20
47
69
11
38
59
17
35
25
39
58
67
31
83
17
82
53
53
55
81
16
16
39
34
60
95
56
85
82
47
88
100
77
82
75
95
74
84
18
17
17
58
36
60
59
