20
50
30
80
11
19
52
11
30
96
45
86
94
13
83
11
52
51
49
46
99
17
96
28
93
87
37
86
90
41
78
93
73
18
35
39
50
31
76
95
81
82
12
68
29
50
29
73
42
59
24
19
10
20
28
30
37
73
79
82
38
62
43
25
91
63
18
27
92
84
45
73
86
32
64
49
45
94
32
93
42
71
14
39
47
53
16
98
39
88
37
43
52
42
54
35
76
36
64
59
24
83
85
28
57
71
32
47
15
54
39
34
75
44
100
34
80
44
94
41
94
74
70
90
87
71
22
94
58
81
52
75
69
31
47
18
96
66
71
88
92
16
83
72
47
13
86
10
89
67
18
89
51
86
83
43
19
60
94
93
22
56
66
88
22
13
63
17
32
60
69
15
41
73
13
78
65
25
44
95
26
33
11
57
79
67
54
30
99
89
27
100
91
98
11
42
24
33
67
100
49
94
35
22
21
37
37
37
41
40
60
29
36
33
11
91
26
71
71
70
89
79
17
90
83
66
52
31
37
87
83
53
77
31
29
49
90
90
10
94
92
88
25
13
89
62
42
75
70
56
20
86
59
18
34
33
95
96
80
89
26
76
70
38
25
15
43
19
17
48
67
52
30
47
24
80
56
36
59
79
44
46
79
12
59
91
85
93
56
54
85
55
54
97
53
25
97
77
72
45
57
99
38
74
54
39
38
65
79
40
87
77
49
14
44
54
51
22
34
65
61
69
63
37
77
60
64
93
21
89
90
64
64
50
65
34
84
23
54
67
41
74
63
41
93
81
94
54
94
79
93
99
30
16
75
55
57
52
47
23
83
96
93
86
18
82
78
97
38
47
62
37
82
42
37
45
14
34
23
19
68
86
26
88
60
15
32
36
61
67
33
75
10
39
64
54
63
19
21
47
12
55
56
67
84
34
22
67
81
75
12
81
15
37
38
97
77
23
93
17
41
11
56
37
14
69
89
68
65
33
23
55
27
11
100
16
89
52
59
75
35
89
44
58
87
29
76
98
88
86
72
97
63
75
49
63
88
27
59
65
92
38
19
89
82
33
90
74
63
88
93
48
71
23
17
81
70
55
87
71
95
71
43
26
81
66
63
41
63
73
45
76
93
34
47
38
100
92
32
86
79
54
68
52
19
92
92
74
18
15
100
78
29
98
79
100
77
83
22
41
46
49
46
99
44
99
49
59
86
42
78
74
78
48
94
66
60
78
82
54
72
10
48
10
81
49
87
68
87
25
59
41
43
15
49
89
85
68
48
34
64
21
35
50
44
56
30
56
38
23
64
45
20
29
65
18
77
45
40
45
78
74
16
96
63
93
28
50
94
12
94
30
30
71
80
45
23
78
97
18
37
64
19
71
12
84
93
85
17
44
36
45
28
47
35
11
28
55
79
99
27
30
18
19
90
51
21
78
67
26
45
85
82
60
31
64
94
72
69
90
14
83
48
94
76
42
40
30
37
48
76
80
44
34
46
83
75
10
10
80
57
81
86
69
81
50
96
41
59
79
25
15
72
36
60
28
87
41
65
40
13
99
30
10
11
100
32
88
76
86
44
72
44
55
87
30
47
92
93
18
43
27
87
11
29
33
68
57
41
61
59
14
48
84
92
91
71
58
93
26
22
35
27
74
82
47
68
36
92
34
19
27
14
85
15
62
62
29
64
10
66
82
57
19
64
45
81
73
15
82
79
43
11
100
24
17
49
44
63
62
22
17
41
83
26
69
27
45
94
64
19
12
55
32
82
37
77
23
64
69
68
76
30
23
56
44
29
14
91
44
10
81
50
86
48
29
53
80
56
25
51
86
25
76
51
72
85
37
93
61
36
10
30
49
60
46
66
96
31
83
85
60
41
74
80
19
42
63
44
17
54
73
31
59
62
45
21
29
90
91
30
18
70
98
28
80
29
80
60
25
100
66
69
73
11
21
43
19
95
27
71
55
46
78
44
29
30
30
26
84
41
76
83
38
71
86
42
86
50
96
48
62
52
80
29
95
27
71
26
63
100
35
82
19
68
11
96
28
92
49
24
54
67
65
78
75
14
75
34
54
81
72
32
58
47
43
10
33
44
13
52
96
48
21
59
93
61
36
22
12
58
40
67
20
15
27
29
69
68
98
44
93
46
85
29
68
74
79
71
58
86
19
40
70
13
84
42
84
52
31
95
28
15
11
39
82
96
42
20
74
49
84
57
90
78
96
50
38
37
22
79
84
10
53
81
31
76
82
95
87
83
62
58
39
22
92
84
46
73
78
88
44
36
48
29
45
24
92
97
21
100
81
99
16
37
15
95
20
39
22
91
98
97
16
16
69
82
17
68
13
75
18
35
19
95
11
14
63
11
51
97
53
59
88
88
42
90
41
97
76
82
12
79
29
19
49
64
82
89
89
54
63
40
21
74
43
39
88
66
43
75
26
59
82
10
63
13
52
36
32
98
75
83
92
32
51
85
47
32
34
23
51
89
23
88
60
21
64
33
34
63
73
52
93
85
75
15
37
14
67
77
58
13
55
47
88
89
84
44
85
22
55
49
16
53
64
73
28
66
52
71
47
63
61
89
41
85
73
72
21
73
67
82
78
44
57
42
31
32
27
16
32
40
99
81
92
93
12
25
81
50
31
46
55
25
96
12
29
80
18
76
45
40
66
62
79
91
30
56
21
17
72
40
60
95
35
95
43
81
31
72
97
55
61
35
75
89
93
50
46
67
57
91
38
81
53
66
35
89
30
83
82
92
19
63
50
28
72
79
60
74
47
61
57
21
90
23
52
50
41
55
49
69
50
37
15
60
25
26
17
39
95
96
64
48
59
16
65
15
94
25
72
34
48
27
28
28
64
86
84
54
31
56
21
92
29
70
94
37
77
72
83
49
87
13
65
15
92
19
84
70
38
94
14
18
36
94
76
12
39
42
18
56
66
81
27
50
61
77
24
67
17
52
37
27
50
71
27
66
37
28
81
28
38
89
89
78
99
14
76
67
50
52
52
27
56
83
56
50
78
63
91
11
40
90
22
93
27
90
57
59
65
73
33
71
62
14
49
90
56
18
28
21
48
98
32
19
80
81
60
13
40
98
51
38
44
40
31
54
64
51
80
66
89
85
97
33
45
18
88
16
85
31
65
68
91
85
73
90
55
29
35
29
84
81
14
93
32
19
31
21
20
37
36
35
14
18
61
19
47
15
50
11
98
95
87
29
22
87
95
17
59
37
39
28
72
89
96
57
88
64
86
100
33
31
41
31
17
78
97
33
12
72
47
31
82
61
61
14
82
99
24
47
18
60
53
10
51
12
41
80
31
26
86
12
62
24
12
19
12
27
84
87
74
86
12
40
46
44
59
33
39
87
86
50
94
41
45
86
55
27
47
26
44
24
11
63
46
89
64
47
85
80
78
93
18
57
51
100
88
87
52
82
20
64
98
81
30
93
94
73
49
25
58
47
36
93
93
56
42
36
38
87
52
91
66
73
46
39
13
85
92
39
27
97
81
93
89
95
86
67
68
83
68
91
88
22
84
86
54
22
90
29
58
14
14
84
29
28
43
41
93
41
80
17
37
81
76
73
83
79
73
93
47
33
68
24
66
93
23
36
42
49
47
62
33
58
44
11
22
56
36
43
37
26
29
61
62
44
52
85
100
61
94
15
90
17
92
85
15
36
19
65
37
59
53
30
94
93
52
79
25
92
83
20
62
98
50
16
81
81
54
24
73
24
58
60
94
53
12
79
45
98
75
22
14
64
58
95
74
91
45
59
100
43
38
76
87
44
31
12
73
37
39
56
13
18
43
66
18
60
38
86
95
54
16
36
34
79
24
62
73
93
25
58
47
100
35
80
42
97
81
75
99
81
35
76
44
100
51
77
25
39
43
94
78
53
10
49
73
99
69
24
40
79
64
36
25
89
34
44
51
42
89
55
40
57
14
85
87
57
76
21
16
92
69
91
33
61
57
81
27
55
72
45
82
100
83
10
100
34
77
27
27
15
67
86
65
60
96
52
82
19
43
34
37
55
65
64
70
44
69
91
45
42
69
27
40
25
78
16
68
16
18
24
95
89
98
100
46
18
64
60
42
55
25
44
66
29
82
85
13
58
53
92
15
75
21
49
14
97
44
94
77
63
90
20
86
27
89
40
68
17
44
21
90
39
20
97
89
14
60
51
89
63
78
50
93
73
46
89
36
95
77
89
14
88
63
11
32
85
41
37
87
75
86
83
48
23
41
45
83
24
66
57
22
22
69
69
77
36
24
53
31
79
81
35
50
94
78
63
39
35
49
19
90
23
50
60
47
63
71
92
11
73
31
66
29
78
21
98
25
82
79
24
30
100
54
56
57
12
80
74
31
16
99
33
48
51
76
26
90
28
33
97
41
83
98
75
44
29
16
84
97
28
76
60
42
29
89
88
100
17
21
36
38
16
22
14
30
74
17
75
36
74
91
83
60
54
41
80
76
17
64
44
96
59
65
77
99
17
85
83
73
49
43
28
84
66
76
85
100
10
14
82
71
63
76
92
29
97
84
53
66
80
58
30
82
23
76
57
35
24
51
72
42
11
97
34
93
53
84
99
60
62
10
44
44
58
63
62
26
29
86
88
24
21
100
60
30
90
83
75
47
21
69
84
68
99
37
41
88
28
46
86
58
40
69
49
67
21
63
29
28
45
96
67
82
69
98
80
12
10
19
31
77
58
50
51
42
49
96
42
82
50
51
83
79
65
39
60
65
99
77
21
99
78
62
77
59
10
38
40
84
66
31
82
58
14
82
27
24
59
52
100
19
78
91
28
96
39
57
86
66
79
85
72
38
25
29
15
70
72
27
51
52
85
66
51
81
23
78
34
81
46
30
40
100
82
82
48
77
74
69
13
86
100
20
32
85
91
50
42
59
51
44
57
65
68
77
99
11
72
26
93
15
16
74
17
62
20
23
82
95
87
48
15
53
39
35
32
32
16
70
56
32
83
13
10
19
38
25
23
31
13
28
77
73
72
53
23
33
43
86
76
36
84
22
78
91
44
56
95
50
73
37
53
25
45
19
26
62
83
36
98
82
89
73
91
37
44
93
46
22
27
98
51
55
74
38
