52
90
90
90
63
54
41
77
51
47
66
28
41
23
82
26
50
36
35
80
82
23
96
58
70
96
47
96
29
58
83
11
72
24
60
54
36
43
11
89
64
28
21
34
47
55
60
99
79
79
60
50
88
80
65
92
97
10
16
53
68
22
54
33
79
22
59
71
17
44
31
52
86
69
79
94
33
76
12
55
90
64
60
96
35
60
85
21
54
98
76
33
33
53
39
95
43
65
96
57
25
97
73
40
24
85
98
56
67
85
16
28
10
44
99
87
80
52
98
89
29
17
98
46
49
53
23
74
88
61
20
79
16
56
60
29
54
35
55
40
13
87
12
26
35
54
18
37
43
24
85
63
76
50
67
14
78
62
11
64
42
24
64
27
75
43
47
68
51
20
15
61
88
46
22
85
24
57
73
53
11
67
42
60
35
73
79
23
58
84
81
27
17
78
49
42
38
40
69
27
73
38
63
73
29
62
66
36
72
20
35
83
79
19
18
98
99
30
27
71
59
68
83
85
88
48
63
94
37
53
21
13
79
40
81
35
92
30
73
66
84
76
71
55
86
76
29
45
20
96
82
52
17
27
76
68
90
59
13
36
79
46
47
88
41
84
84
93
30
68
58
100
52
44
45
60
66
100
39
59
91
28
27
54
35
64
14
47
88
28
11
71
94
62
37
59
45
61
56
64
42
71
15
17
54
11
28
81
43
28
98
72
64
73
44
55
82
94
55
50
59
81
79
28
56
95
98
28
43
41
89
89
34
52
58
21
70
73
96
61
50
59
36
32
42
77
31
81
91
97
10
55
92
57
91
15
27
15
25
37
31
56
97
29
13
11
45
76
91
71
56
98
86
85
24
81
89
91
64
87
19
28
28
58
16
45
97
99
28
11
63
42
83
90
70
47
22
87
86
93
67
77
63
56
39
68
66
51
48
72
98
14
95
19
53
69
90
65
10
47
14
71
26
93
52
61
24
22
23
59
20
79
79
80
36
53
37
55
63
51
65
73
27
66
52
81
85
38
77
34
83
35
59
33
10
11
25
13
87
59
21
31
94
22
91
39
54
10
29
45
85
24
24
18
65
32
68
34
47
78
56
10
75
72
57
50
27
91
82
28
81
93
21
100
74
10
74
29
50
93
94
78
38
18
15
51
76
44
57
93
42
67
87
80
26
17
45
37
15
65
96
22
100
40
88
98
73
41
34
45
21
16
50
16
16
81
50
60
96
15
92
39
64
56
78
66
57
25
76
12
61
50
49
21
57
70
82
60
65
32
34
74
68
93
65
10
96
43
50
75
61
56
79
61
17
61
66
83
77
35
21
78
75
73
34
88
55
50
33
15
95
56
12
34
44
95
86
38
24
50
76
13
30
37
88
32
83
92
58
45
62
68
21
29
53
90
58
35
26
42
59
85
37
59
93
30
12
90
85
85
28
43
84
76
72
39
64
63
15
41
36
82
50
27
56
66
84
58
25
28
64
68
47
36
13
94
72
97
52
58
63
81
20
20
62
72
13
75
28
15
98
45
57
100
77
29
65
94
58
79
94
12
78
65
65
91
38
68
42
78
32
100
37
51
45
64
36
74
83
69
91
51
61
68
80
11
76
96
26
95
26
22
73
21
76
74
57
90
91
100
23
100
17
83
33
12
55
98
34
27
38
68
80
42
44
13
12
50
42
15
28
65
95
13
23
45
25
28
37
25
86
81
15
55
69
37
95
58
70
89
92
74
19
15
21
64
63
58
24
92
80
29
70
36
12
91
21
20
27
69
50
59
76
45
36
22
83
66
24
51
39
49
15
84
75
54
34
18
72
28
87
17
89
52
47
96
69
45
89
91
58
32
50
51
64
97
34
27
88
43
30
61
73
44
40
96
65
62
51
96
10
41
95
20
78
29
19
79
71
89
75
75
39
33
59
85
44
44
53
90
68
15
13
88
29
12
57
99
93
26
20
38
36
69
91
31
71
53
35
24
32
41
100
46
55
98
85
82
44
77
83
76
28
29
31
41
28
31
82
98
33
100
97
65
43
95
10
34
95
59
23
19
25
98
49
61
61
32
93
32
91
86
87
90
14
30
26
45
64
20
13
39
55
16
46
29
49
68
76
98
49
15
31
68
42
63
66
98
53
95
49
68
65
95
13
100
85
12
98
74
75
38
89
36
58
14
65
59
83
42
56
78
64
78
75
33
74
83
33
64
37
57
43
27
30
94
16
96
27
54
97
69
59
23
18
21
94
35
41
91
100
97
68
71
46
15
62
17
85
85
46
85
36
47
97
52
76
94
19
63
52
33
18
88
95
51
65
86
15
93
66
36
20
72
33
80
35
65
17
64
80
65
23
88
46
49
17
87
52
100
10
91
72
63
71
34
86
20
69
32
24
59
90
10
60
64
98
64
89
92
72
53
34
83
31
24
12
67
37
47
97
36
85
42
24
11
48
51
72
68
37
41
80
30
90
96
90
11
64
13
66
28
51
39
54
91
33
43
45
71
78
93
87
73
55
61
97
28
82
88
43
68
42
33
38
86
13
62
27
43
10
47
30
40
34
40
22
89
40
35
53
72
63
22
40
96
85
51
81
88
91
98
98
49
46
87
40
66
54
10
25
40
95
36
25
88
66
85
26
75
85
46
72
93
100
64
58
53
99
58
87
50
70
88
49
76
60
96
45
42
49
95
28
76
16
16
84
90
18
77
24
77
80
67
69
72
66
31
95
28
41
58
92
88
80
93
80
37
26
61
52
26
62
70
93
87
79
22
52
15
98
45
37
18
38
56
35
97
51
77
47
59
23
79
93
84
36
72
55
14
54
14
28
25
91
17
45
19
35
47
43
45
87
24
89
13
20
10
71
76
61
26
34
87
54
93
94
43
11
57
70
44
65
95
67
11
48
76
72
60
80
69
29
41
74
69
71
19
90
70
83
33
66
53
53
53
87
90
40
86
40
41
100
56
98
37
66
38
42
35
38
84
59
41
39
10
54
17
31
86
48
33
72
64
18
65
45
64
32
54
73
36
31
66
85
11
39
100
38
79
23
49
43
49
33
56
64
22
23
27
16
100
44
64
13
32
81
75
93
33
37
81
87
66
46
28
55
44
85
95
14
67
38
74
31
18
65
98
62
60
93
29
33
45
59
99
26
65
26
99
60
19
94
60
93
68
100
32
70
74
27
70
38
95
38
11
54
27
63
74
25
85
77
72
31
46
67
68
42
16
59
59
23
84
14
69
13
85
73
11
21
24
27
91
73
36
63
12
94
37
81
49
56
80
85
64
47
26
20
83
10
82
95
61
36
65
37
34
19
86
30
13
91
38
55
37
83
18
80
53
43
52
99
22
72
86
67
12
34
97
39
77
26
88
97
16
46
79
53
61
95
40
32
69
79
46
58
38
80
75
43
87
51
16
34
97
11
60
97
72
13
35
38
56
15
54
56
10
38
58
32
42
71
11
63
93
44
93
37
31
40
37
38
51
93
95
59
37
19
66
53
62
68
15
47
31
44
42
84
86
40
85
71
68
85
39
18
11
25
39
92
72
74
88
30
66
77
79
98
30
49
59
78
99
18
72
57
99
71
82
13
28
91
12
65
15
96
46
36
41
46
52
77
49
75
80
65
87
39
84
76
19
90
47
19
95
33
16
38
96
75
35
44
29
86
52
34
72
54
33
77
83
72
56
71
36
23
44
14
71
82
81
98
13
52
31
26
100
44
40
63
82
60
32
85
78
92
64
49
42
13
70
91
46
80
49
65
77
80
88
82
31
56
83
93
76
55
76
36
23
37
70
15
19
50
70
76
73
63
29
41
34
79
99
53
68
19
42
88
46
46
67
44
72
31
93
44
16
88
57
11
84
30
29
50
52
61
64
100
99
71
46
83
81
35
60
63
36
88
36
45
11
19
83
40
61
26
99
56
52
34
51
68
24
16
42
50
12
80
59
44
28
22
31
86
51
19
53
22
50
27
44
42
82
49
80
12
18
26
57
61
87
27
63
14
75
86
45
13
48
78
98
44
32
55
81
72
29
13
100
98
70
16
37
78
76
25
27
64
69
42
62
68
22
91
64
40
38
19
30
47
69
49
76
99
16
77
94
76
97
79
52
57
90
95
19
97
94
52
47
94
53
87
80
87
17
84
54
67
74
12
87
46
86
62
63
88
34
69
88
100
40
16
87
64
57
33
17
52
97
42
66
23
69
15
64
28
66
70
19
71
39
20
70
36
38
86
48
29
33
48
78
36
88
22
67
70
36
39
52
24
76
15
14
69
69
85
24
92
87
99
88
23
94
74
36
78
98
14
62
28
80
81
96
21
73
79
44
33
100
22
51
85
90
71
70
25
11
49
37
83
22
35
57
78
29
29
79
28
16
89
41
58
69
11
65
49
99
83
92
74
76
69
67
100
29
26
28
77
39
55
49
19
68
74
66
94
83
92
98
68
77
23
46
100
15
61
86
85
61
68
51
45
21
60
47
89
72
50
11
82
99
38
18
93
60
93
33
51
90
22
23
90
94
85
25
50
38
82
20
14
89
44
14
37
92
56
14
93
30
86
40
22
53
49
11
44
24
99
81
95
36
41
31
22
81
37
25
35
45
73
97
54
85
58
76
94
46
80
44
45
61
29
45
24
24
44
59
21
87
45
81
71
91
83
90
42
25
35
46
21
79
65
55
88
83
67
100
66
71
38
68
50
63
47
39
12
82
21
83
81
57
71
12
89
39
45
17
73
59
14
65
99
34
44
20
29
60
20
25
98
97
52
70
99
22
98
58
57
70
56
41
11
69
37
11
45
39
81
97
12
70
19
56
62
91
23
98
68
62
16
22
100
87
82
37
74
52
49
52
43
77
72
21
80
58
41
17
76
81
74
42
85
49
29
65
45
70
12
61
45
43
10
19
19
72
58
58
25
57
81
11
52
46
65
69
34
19
21
11
79
88
47
42
71
60
15
14
97
76
30
72
79
82
23
81
30
15
31
65
73
86
57
50
46
24
15
68
31
85
44
57
22
30
20
55
70
56
14
93
93
88
34
53
46
43
30
49
52
56
42
51
86
67
30
82
55
71
48
22
70
76
28
45
12
10
20
11
73
89
94
99
48
72
62
92
24
49
59
41
45
99
73
26
66
86
98
84
55
66
29
22
78
84
55
18
56
28
96
92
76
37
66
87
70
41
93
34
65
26
80
30
89
26
41
56
74
12
87
16
98
11
71
50
37
31
100
46
37
27
50
47
96
89
79
13
64
61
100
62
19
82
35
17
64
62
57
98
86
12
41
55
82
66
38
10
39
35
68
27
67
47
25
32
14
92
78
80
93
80
39
27
71
58
47
11
28
90
50
76
95
69
64
95
45
55
14
72
16
12
94
82
56
39
94
46
50
99
39
40
35
100
49
27
58
76
71
43
19
62
48
16
69
33
56
99
76
49
23
39
31
39
96
91
94
60
55
26
43
52
73
25
100
96
29
99
69
72
16
35
67
17
68
85
83
97
66
96
81
27
27
33
83
42
80
67
54
85
42
89
83
66
72
72
32
16
70
59
94
23
47
80
80
28
81
33
46
18
87
53
21
51
100
64
43
26
21
97
59
80
81
36
41
70
85
32
62
14
40
54
69
84
30
70
24
34
20
67
68
13
48
38
79
53
75
30
50
70
99
48
95
66
80
59
64
17
55
71
80
20
69
83
35
38
94
31
17
66
27
32
58
20
20
67
19
92
49
94
43
18
96
76
18
33
12
40
23
67
12
90
62
28
29
91
44
15
24
91
73
37
72
68
65
25
56
16
44
39
46
84
48
57
41
50
72
21
65
56
88
45
77
53
34
66
39
67
74
55
86
48
55
55
25
97
67
16
16
10
30
40
28
77
84
33
76
64
73
94
20
31
15
82
89
74
56
40
72
28
60
72
27
64
18
53
51
93
23
15
69
72
34
23
35
95
48
11
16
85
22
74
49
92
47
59
17
69
47
50
86
21
57
74
100
61
44
80
21
25
19
91
45
32
37
22
45
97
75
76
21
55
96
96
31
20
68
48
49
78
100
50
100
79
75
71
24
35
77
90
94
28
36
59
56
71
31
96
55
77
33
63
94
51
84
25
78
45
27
33
91
31
32
44
73
65
81
14
29
84
31
94
62
94
27
94
44
53
90
68
61
92
42
17
18
31
95
42
44
24
30
10
86
89
43
100
97
72
24
33
50
24
88
51
64
58
38
12
36
50
35
38
96
48
49
60
100
53
55
78
90
90
77
87
81
66
24
98
89
97
98
12
86
55
97
15
36
25
23
31
33
66
16
54
70
57
21
56
60
10
54
46
18
88
94
59
31
19
80
33
27
27
62
19
80
99
19
31
94
74
26
81
76
76
13
85
45
96
66
65
21
70
75
72
86
22
84
27
84
83
40
40
81
13
74
42
80
61
25
47
74
58
52
23
91
32
28
10
31
62
84
54
97
58
11
56
11
18
92
22
21
91
88
85
11
84
65
64
26
92
13
14
17
79
46
16
49
90
64
27
29
57
93
89
13
61
22
88
34
30
41
100
13
44
54
82
11
53
57
21
95
12
75
81
97
87
55
19
40
44
78
56
99
30
44
97
43
50
21
97
76
32
86
49
87
69
37
52
93
86
93
58
51
58
54
93
97
45
68
71
78
62
65
40
31
25
76
16
26
86
62
77
57
97
63
20
93
80
33
58
58
93
54
42
45
31
99
99
97
33
34
83
85
31
32
99
98
71
63
99
75
91
67
93
46
77
90
22
77
51
55
87
63
59
63
17
53
47
92
31
10
65
58
63
53
13
77
43
44
11
87
18
13
37
91
75
46
40
78
56
12
48
60
91
71
11
50
16
57
85
51
72
81
29
44
31
22
64
57
70
68
36
43
41
66
52
23
81
29
71
70
90
42
33
42
82
18
60
66
81
91
20
69
37
15
43
43
12
77
31
79
91
44
86
81
72
48
20
55
55
63
27
74
17
45
56
39
29
80
28
76
42
67
96
36
46
45
12
14
21
43
29
60
30
94
73
12
96
42
32
81
60
47
70
42
21
65
78
65
20
100
70
60
68
44
50
13
58
78
24
49
50
13
48
54
11
57
19
74
54
89
97
77
99
56
23
83
73
43
83
61
44
23
64
100
54
69
30
33
48
78
73
30
63
30
14
80
69
57
12
20
23
94
87
26
15
14
83
72
87
93
14
29
49
84
65
87
97
67
84
35
76
15
60
50
82
85
66
18
42
91
89
90
86
36
40
94
57
62
33
46
58
51
42
44
79
31
68
74
55
27
58
23
96
49
69
19
22
93
67
11
41
79
38
35
59
43
54
31
87
60
83
83
82
81
16
42
17
37
43
71
26
91
76
19
13
91
92
33
14
39
85
14
95
47
51
46
92
66
10
98
22
12
98
19
12
21
62
26
71
40
24
23
89
83
55
53
35
91
17
66
33
42
25
20
93
99
33
55
89
19
24
42
96
45
63
64
89
91
51
85
75
20
79
92
11
74
58
77
12
71
72
73
10
50
52
75
92
60
14
52
10
44
84
45
53
13
70
12
90
83
69
72
64
28
69
86
42
21
92
24
50
36
52
47
17
94
100
64
37
49
55
44
98
41
12
27
24
57
59
23
85
58
95
90
41
69
72
72
99
72
74
71
65
12
51
43
90
83
15
95
44
91
35
96
45
14
16
99
71
89
79
58
79
85
42
57
98
93
51
21
58
45
93
85
20
71
93
27
67
25
64
42
23
83
87
95
17
27
85
61
61
18
59
87
69
13
40
36
71
32
60
56
66
78
26
90
27
90
81
78
30
31
59
41
44
95
61
15
93
19
24
23
70
56
79
24
25
51
36
80
18
77
61
47
78
37
46
60
22
10
69
91
13
21
80
10
48
88
23
98
36
90
48
33
78
57
25
60
56
75
23
78
23
12
78
30
58
52
57
79
94
87
36
21
45
91
38
71
65
81
27
48
43
35
21
17
59
32
83
95
10
62
68
98
65
56
54
10
14
91
15
85
72
92
29
17
37
49
98
73
14
63
95
20
63
62
80
37
83
45
30
40
99
24
59
63
56
89
25
19
41
97
16
31
97
13
89
77
61
84
80
45
77
65
50
98
89
40
79
25
59
90
52
55
84
63
45
82
93
44
60
50
42
87
66
18
28
34
71
46
77
65
69
63
50
25
81
61
31
79
10
31
82
32
95
65
43
54
49
56
35
24
13
53
42
55
59
56
91
75
24
54
42
39
77
86
47
69
90
78
37
99
67
90
22
97
62
83
51
67
50
59
25
78
67
17
32
86
32
91
60
72
75
89
57
16
34
77
30
67
98
47
17
57
83
17
20
14
21
73
67
59
21
45
63
10
89
60
36
80
67
100
89
12
99
80
38
100
33
30
71
30
31
77
72
29
82
90
33
37
39
39
41
25
28
45
40
17
12
85
60
28
38
96
91
96
60
92
63
51
86
67
56
95
84
16
28
12
86
58
88
10
77
42
61
36
58
73
47
94
36
39
82
61
66
36
34
81
14
11
97
31
15
15
13
78
49
94
38
89
98
34
97
42
65
29
72
18
84
18
96
92
86
77
77
77
68
39
44
81
95
31
68
47
10
87
54
37
52
89
24
19
72
100
30
21
52
45
14
50
53
67
34
78
96
33
93
38
65
84
51
48
72
52
93
96
45
63
51
93
51
34
56
88
12
32
58
42
99
67
72
13
65
24
92
81
23
99
13
39
82
12
85
66
76
69
32
79
85
34
99
46
62
88
24
13
91
39
49
12
100
66
21
43
17
30
28
86
96
62
53
91
25
40
30
97
73
86
80
100
89
80
16
60
91
81
80
91
19
11
27
88
97
32
42
95
50
55
80
44
22
60
22
81
14
16
52
92
15
16
36
85
100
28
26
100
99
14
58
84
67
76
29
56
43
24
79
88
74
61
73
14
90
83
88
14
31
67
53
48
94
10
70
61
33
17
52
63
36
73
55
60
94
35
81
62
12
30
16
37
53
66
86
22
74
60
100
81
74
83
42
38
61
89
77
74
12
76
19
47
33
89
55
70
66
100
31
71
36
94
64
40
68
27
49
30
69
20
56
76
77
97
72
33
70
91
96
90
49
34
80
20
11
27
96
21
14
65
77
80
90
99
79
14
27
15
86
87
77
25
72
51
52
20
18
76
30
99
13
84
20
40
96
70
15
72
34
46
23
76
35
15
10
67
28
87
100
71
17
80
90
35
41
28
27
48
55
43
55
53
30
27
28
35
24
55
29
55
25
45
89
90
16
66
93
42
69
12
33
11
56
51
61
37
46
43
100
56
27
51
79
48
80
63
70
56
23
35
18
77
36
46
71
34
61
24
35
18
62
69
30
14
94
41
32
100
16
13
19
38
63
39
100
87
55
90
14
67
69
45
92
52
46
97
28
61
50
40
93
89
45
32
36
55
69
15
47
100
18
85
93
38
28
46
40
78
25
82
87
77
81
22
14
33
78
94
37
30
86
77
64
17
36
20
62
22
84
60
23
25
46
10
80
83
29
21
18
55
59
97
46
70
39
29
43
45
53
43
75
31
84
25
24
55
17
68
60
91
78
50
39
84
43
42
12
39
13
11
52
36
66
31
46
43
57
15
56
99
68
60
40
35
27
32
55
89
67
92
18
50
87
44
22
32
36
19
51
45
87
98
70
44
73
77
69
23
34
27
38
42
27
85
90
92
38
56
39
76
25
27
91
60
25
89
70
94
23
77
94
25
60
69
63
51
75
77
20
17
25
55
83
32
43
65
69
30
49
82
61
11
72
35
57
26
13
36
93
34
17
79
35
14
73
11
10
43
45
98
28
27
85
92
67
48
63
42
21
42
19
95
35
100
21
46
91
38
28
82
27
29
62
41
33
93
66
53
57
93
74
38
72
37
73
44
97
68
24
74
35
73
15
52
91
35
66
79
73
77
51
91
17
93
66
46
90
29
55
22
18
54
15
50
22
58
88
42
14
100
24
78
24
37
74
26
97
27
30
24
16
61
34
23
73
65
38
72
59
46
46
10
38
44
58
54
43
61
86
13
75
66
56
89
45
17
71
33
90
67
84
57
53
55
88
16
24
93
90
35
97
14
47
78
45
61
15
27
58
98
22
57
23
50
39
11
61
43
79
79
47
75
59
68
68
14
47
31
19
80
94
89
54
