94
46
24
50
70
13
19
84
35
16
66
53
32
36
54
55
75
71
83
30
45
93
51
35
45
61
36
59
52
31
52
24
52
22
41
44
36
63
35
71
35
47
16
83
31
28
15
33
87
49
38
96
97
18
94
69
64
100
56
29
97
36
59
37
46
95
91
90
91
44
68
39
67
59
46
44
15
10
11
44
35
66
92
59
26
84
17
85
56
26
78
96
50
98
21
49
53
60
14
54
71
80
88
91
18
59
92
14
99
27
35
23
66
31
87
80
13
39
59
11
89
25
34
69
14
76
88
82
25
23
45
22
65
34
14
55
35
38
94
55
92
36
79
71
41
38
63
37
63
26
32
51
36
95
61
100
71
34
77
71
23
61
17
58
91
45
88
67
82
85
86
54
25
80
39
39
25
73
43
93
18
100
24
51
31
59
10
83
73
78
62
29
99
96
67
35
63
68
33
37
24
27
100
66
70
11
71
38
70
55
69
39
55
14
97
26
53
80
83
70
12
91
32
66
40
25
35
32
83
53
97
92
13
26
80
86
69
69
88
83
57
67
80
32
18
15
67
94
55
87
42
36
97
23
65
30
79
34
49
20
73
53
13
60
17
92
65
77
30
22
65
14
31
24
18
54
83
37
11
79
92
62
20
61
46
93
57
30
95
27
50
64
37
92
36
53
87
48
73
17
40
87
88
43
56
98
96
70
85
36
100
25
49
10
45
27
60
79
85
87
41
92
73
58
86
42
47
12
99
61
53
69
42
41
48
91
85
21
75
72
43
73
40
30
63
19
62
88
62
18
39
46
83
50
60
52
33
51
48
43
15
45
32
19
24
25
25
93
99
65
75
16
42
78
11
22
13
93
95
37
56
53
11
95
77
81
47
40
90
49
25
78
74
91
57
23
96
79
99
67
42
38
48
83
100
20
82
31
35
48
91
27
57
38
72
86
89
96
50
79
68
100
54
47
55
15
55
66
87
59
67
38
78
37
100
40
43
29
68
78
14
55
83
48
67
24
18
40
73
85
29
56
73
52
32
60
24
91
66
38
15
11
21
26
77
59
13
69
67
57
31
85
90
28
99
72
12
57
36
67
96
49
100
35
24
53
33
45
26
34
34
81
50
79
29
46
94
13
69
43
87
59
68
79
55
62
90
58
83
79
11
98
22
78
26
86
26
49
47
28
26
36
80
86
37
22
83
45
83
76
51
28
25
71
58
85
40
48
77
99
14
46
25
60
91
91
21
91
81
72
64
30
79
86
51
30
78
82
78
29
17
75
65
96
71
57
89
21
20
98
18
56
91
16
69
65
91
69
21
30
20
10
64
76
66
11
75
68
76
100
90
18
47
81
62
41
47
59
65
18
52
11
16
15
46
19
26
57
73
16
59
65
44
70
49
87
41
72
89
93
59
46
13
46
46
19
63
17
67
34
43
79
86
63
31
26
73
96
78
34
91
27
88
68
59
24
80
97
52
98
40
71
30
51
29
32
52
58
29
90
37
100
33
52
20
81
90
76
96
30
26
38
21
97
41
21
85
19
59
20
62
76
48
70
83
60
18
100
52
17
71
51
64
47
99
48
71
42
36
48
34
43
35
74
98
41
44
83
27
85
65
71
53
98
59
79
62
37
69
80
90
82
42
66
69
92
46
90
20
62
90
13
70
82
11
86
17
44
32
48
94
97
89
88
62
80
10
58
46
19
71
78
42
63
62
23
67
99
46
23
34
26
18
21
39
17
16
88
14
96
46
65
11
92
22
89
63
96
30
72
70
54
23
41
49
54
75
66
47
21
93
35
61
35
24
66
40
74
53
15
56
25
30
36
68
19
36
12
100
69
57
23
30
94
78
74
85
56
28
90
41
87
69
63
61
82
50
26
83
23
17
70
97
94
10
21
90
15
28
47
65
83
29
58
43
90
52
15
20
65
46
64
53
58
68
47
13
84
49
60
85
84
71
82
22
39
20
76
87
46
75
43
86
43
72
62
22
92
25
64
83
73
60
58
82
81
72
81
60
28
39
52
65
33
18
89
67
25
86
97
73
50
72
15
54
43
45
10
69
50
61
65
71
83
12
58
58
100
59
21
75
12
65
66
22
91
36
93
100
62
74
58
49
75
95
83
13
77
64
58
96
90
72
43
30
14
40
26
88
71
26
70
10
30
61
83
58
35
12
40
83
56
97
27
31
76
41
84
13
58
71
99
30
87
43
10
12
26
71
30
68
45
43
51
26
74
64
75
13
93
34
40
83
94
11
62
27
94
91
37
