77
52
24
89
70
96
67
84
27
87
76
10
61
93
86
90
73
26
63
64
60
40
73
51
48
89
11
45
71
76
44
31
31
97
51
42
56
21
86
34
73
43
93
91
96
54
85
21
23
68
82
34
99
43
84
61
76
61
22
74
25
86
31
59
40
44
99
17
35
95
29
14
97
20
74
18
95
91
17
25
74
46
99
36
73
43
76
14
14
59
98
56
81
42
88
88
92
60
33
99
94
96
94
89
57
95
52
50
52
34
41
42
52
15
13
70
80
31
30
37
75
38
51
37
97
27
46
79
26
79
71
69
75
74
46
72
62
69
33
98
97
64
69
18
38
21
89
67
99
27
69
67
20
17
40
46
92
43
42
58
52
16
32
52
40
99
42
83
20
52
35
75
51
34
29
37
45
62
15
29
39
98
60
60
12
21
80
26
48
58
42
26
43
85
74
50
31
46
88
47
67
19
69
26
75
100
88
24
16
29
61
16
77
64
85
12
72
19
44
85
83
22
31
30
65
60
14
26
36
31
41
36
92
88
33
34
81
25
20
73
15
85
79
58
49
34
60
93
26
63
65
41
67
90
24
46
65
93
60
34
44
28
44
30
72
24
85
71
68
99
58
10
56
62
55
74
74
36
16
13
38
85
38
26
77
72
12
37
10
49
97
24
96
81
99
57
54
45
64
82
78
39
57
94
47
16
28
80
39
95
29
14
81
54
33
10
46
63
83
87
16
27
41
79
96
48
43
18
35
98
44
38
90
92
54
75
55
39
32
48
82
44
63
90
47
72
99
27
32
52
42
44
74
83
89
76
61
96
60
62
11
26
76
73
48
95
77
24
44
54
86
38
77
96
29
66
86
57
40
81
55
63
30
59
53
83
41
42
94
21
11
55
31
64
68
93
61
75
93
38
100
56
52
67
25
66
74
30
78
83
83
83
42
20
62
49
83
54
90
85
42
74
90
33
16
54
88
29
85
67
84
19
18
18
52
53
44
53
90
26
49
53
10
70
95
32
40
54
82
98
85
26
90
88
72
49
94
60
21
45
85
13
66
86
67
57
53
22
72
68
61
77
77
44
43
84
54
81
44
70
76
63
21
62
12
100
33
93
54
43
19
86
91
25
68
30
47
43
50
54
39
84
19
92
46
15
19
90
47
27
30
75
30
38
30
94
11
43
71
29
20
66
11
45
33
98
54
67
86
97
48
18
52
70
32
14
78
45
91
69
80
84
56
51
62
19
50
25
46
85
28
46
79
41
27
67
90
30
41
17
33
67
61
83
49
63
69
13
35
33
80
12
83
63
86
53
89
84
26
95
52
67
82
22
92
45
84
53
63
75
24
43
72
98
58
66
51
82
78
96
29
18
94
89
31
78
56
75
94
45
46
16
32
36
29
80
87
13
37
14
67
40
41
99
98
84
49
90
46
57
97
80
86
23
77
61
74
52
36
37
23
52
72
72
30
22
66
53
35
44
100
90
30
16
41
36
77
42
50
17
89
38
22
91
81
15
93
35
84
71
20
64
56
65
83
64
38
80
82
42
61
41
31
64
20
28
100
27
25
18
61
30
69
41
59
89
63
79
15
54
38
59
53
75
59
55
20
79
63
24
55
83
94
86
21
26
32
91
91
34
77
68
60
97
73
99
74
37
92
21
24
21
87
40
36
52
37
96
80
20
22
85
30
94
93
36
45
27
21
45
42
95
34
43
39
87
94
38
18
95
81
10
50
39
40
30
65
100
26
43
94
77
60
58
30
70
76
80
80
77
69
44
43
56
67
56
69
16
27
92
19
57
78
81
89
21
49
13
41
81
85
94
14
13
51
62
67
37
10
11
61
51
85
50
44
22
24
65
93
49
35
96
25
80
66
98
21
53
50
25
61
46
37
90
66
41
80
52
16
11
34
17
30
57
50
99
92
89
40
17
54
20
72
77
77
13
68
96
58
42
20
86
16
23
51
60
38
69
91
45
82
66
90
32
21
27
16
95
91
87
87
90
25
20
22
55
49
82
80
99
37
98
41
94
27
11
11
11
10
20
66
63
54
46
81
28
48
64
79
63
37
19
26
97
81
60
69
80
31
11
69
40
62
76
14
54
94
36
60
94
29
48
89
83
43
31
80
30
68
69
31
33
78
93
71
92
16
92
11
64
13
86
70
86
39
84
46
83
51
15
82
52
83
68
18
50
83
19
32
50
82
89
20
61
33
69
56
77
95
78
94
18
61
18
46
39
10
85
24
10
93
80
16
52
59
61
10
97
87
16
39
16
99
46
36
83
56
22
27
63
87
80
34
78
18
18
92
37
25
94
54
50
17
55
73
32
87
73
62
56
98
65
40
19
57
55
96
26
68
49
42
25
49
19
75
43
20
71
61
94
34
56
94
70
33
21
84
30
67
46
33
97
10
12
28
24
86
38
20
50
35
81
19
43
48
100
76
98
31
10
53
70
98
44
95
100
67
63
17
27
24
12
43
93
28
12
71
12
30
89
13
29
59
34
56
26
90
49
75
23
65
90
32
91
94
64
80
90
57
68
56
14
26
68
21
12
25
49
35
35
21
10
36
62
53
19
92
24
76
95
60
22
98
94
15
79
84
97
100
60
47
27
14
55
70
23
14
81
48
92
34
95
60
46
58
51
40
31
95
56
25
76
11
17
50
30
77
93
31
45
89
22
72
50
31
41
98
71
51
80
46
43
17
15
12
53
51
42
62
36
50
87
40
16
17
91
77
53
77
68
91
66
37
70
49
31
10
29
97
29
32
90
10
77
71
84
27
42
49
83
75
98
98
31
98
76
18
74
21
77
20
83
71
52
12
72
18
90
18
78
81
90
16
69
47
83
87
99
49
32
67
84
10
22
52
41
50
54
74
25
41
41
45
66
56
53
43
50
89
61
81
27
20
97
37
66
76
68
94
98
37
58
75
15
52
89
25
59
64
45
31
48
84
62
15
66
95
34
48
88
29
64
46
51
65
19
46
91
20
13
38
82
42
90
92
64
78
54
58
37
79
67
97
61
20
76
38
91
85
22
47
98
56
49
93
67
46
73
25
30
25
48
79
92
52
51
82
79
88
27
27
22
82
33
91
80
12
96
31
98
32
51
78
52
27
82
36
54
92
46
39
75
64
20
36
45
14
54
49
44
44
24
65
20
34
13
36
77
16
65
19
53
68
71
21
41
14
37
73
91
57
72
78
31
25
91
57
69
11
54
37
48
93
56
18
73
75
21
94
36
24
37
11
13
90
59
23
92
64
96
93
99
66
30
93
22
44
94
22
52
53
17
27
18
39
79
18
11
79
29
91
38
62
59
85
23
30
25
22
95
39
66
71
69
70
30
40
62
67
37
13
10
55
58
61
92
65
34
97
81
47
21
68
57
14
94
69
23
68
25
21
43
38
53
48
45
15
40
65
48
52
32
46
80
10
43
21
69
11
13
42
87
40
41
92
22
42
45
43
69
76
31
100
100
52
75
19
37
50
80
42
75
96
93
30
22
68
74
66
29
98
43
40
99
21
95
29
56
100
49
28
18
62
87
67
48
85
52
31
81
80
99
29
74
58
30
65
20
21
72
10
72
91
50
26
21
26
76
44
42
19
29
30
98
30
90
20
97
14
36
73
31
70
96
29
58
59
19
16
15
29
72
96
10
17
38
11
26
11
76
98
41
31
71
44
67
32
39
78
56
58
17
36
28
31
100
47
39
91
41
50
41
11
15
29
64
65
81
54
18
12
21
85
22
81
96
54
84
60
16
93
78
40
23
40
80
74
19
56
72
68
75
44
53
83
72
41
48
89
96
16
22
46
40
95
46
70
18
78
75
57
79
99
30
47
79
18
33
94
13
51
10
96
88
11
23
70
81
99
75
19
13
31
70
81
26
49
44
40
44
72
41
90
76
32
87
17
56
47
79
50
32
21
46
71
65
42
48
47
72
61
38
42
24
88
73
49
62
66
19
