68
80
93
14
89
15
37
41
76
26
25
93
17
29
53
27
71
26
99
87
12
60
98
93
81
74
17
16
75
84
18
61
49
65
55
23
96
56
30
16
74
63
58
30
82
42
43
72
22
15
64
22
10
36
25
62
82
43
50
41
60
90
28
17
26
92
17
93
36
83
67
89
19
62
64
49
14
41
47
34
24
52
60
29
67
88
20
24
39
44
62
25
83
38
25
29
96
92
53
69
57
91
83
54
97
75
52
89
41
25
91
89
83
16
84
51
34
21
97
52
43
26
37
78
95
17
37
67
98
42
65
64
17
62
24
71
58
39
85
69
47
87
33
13
35
22
29
10
78
20
20
32
17
40
53
43
62
17
100
18
40
56
29
16
74
17
14
25
70
13
58
18
85
34
85
64
59
33
65
22
51
78
99
28
61
29
100
23
44
59
66
32
17
93
36
21
100
28
81
85
75
35
59
46
24
68
12
36
83
90
93
99
30
20
89
16
97
43
75
57
88
28
58
91
44
27
69
23
64
99
78
28
74
55
72
84
100
70
25
79
21
64
84
93
55
19
28
69
34
40
52
59
73
26
100
70
35
67
31
39
13
46
32
15
75
29
80
59
98
58
64
92
75
70
39
17
98
73
44
65
76
55
26
53
55
46
49
57
97
86
69
86
97
56
75
28
88
98
74
83
79
24
76
39
59
87
37
85
32
100
59
68
42
38
62
75
86
92
38
95
52
36
12
14
97
27
64
39
38
19
44
92
86
59
83
82
83
49
61
31
93
96
34
54
44
50
66
34
48
73
81
89
97
46
24
98
73
62
14
31
19
31
65
17
98
71
39
10
62
100
92
68
64
47
90
13
74
29
26
56
75
67
45
89
63
77
83
23
72
52
54
57
38
83
28
50
74
54
66
86
96
90
39
27
90
57
65
88
72
30
15
67
50
83
44
84
41
69
87
55
70
10
51
11
31
41
18
46
59
97
95
81
18
81
64
34
38
20
98
78
28
83
31
87
25
18
29
42
43
88
31
52
23
99
17
52
79
26
21
99
29
27
81
85
20
15
60
100
76
40
31
50
57
59
44
48
55
70
21
34
84
67
79
33
72
66
77
56
20
98
25
65
46
100
45
60
17
28
22
61
55
18
80
62
75
97
54
70
11
44
55
35
86
58
43
12
16
75
11
12
51
20
100
53
53
61
27
79
19
77
18
37
35
43
96
13
89
51
39
70
48
24
86
18
49
14
78
17
79
48
10
67
75
17
66
76
36
73
62
20
39
26
44
53
82
17
20
61
22
67
91
76
28
22
41
50
75
72
96
63
53
57
28
27
25
52
78
70
30
49
84
41
80
90
91
30
59
43
77
74
64
83
88
21
15
30
49
12
99
87
71
86
70
23
97
33
86
67
46
57
22
84
38
43
72
49
41
77
22
16
100
43
33
56
30
98
68
43
44
77
16
20
88
100
20
27
65
72
91
18
33
55
53
81
47
67
19
34
76
49
42
40
40
34
48
38
86
67
46
63
73
28
33
92
45
51
44
82
55
27
43
38
33
85
88
32
55
18
16
91
85
45
59
92
28
12
20
76
56
31
17
92
71
23
70
80
12
34
100
78
15
52
55
90
43
83
92
44
95
50
82
79
60
88
52
10
83
63
44
17
19
21
28
31
75
33
38
17
78
79
63
26
67
39
32
25
31
71
37
100
21
43
49
51
79
27
77
54
62
51
40
91
57
50
49
68
14
44
38
51
39
26
88
93
51
41
80
72
87
59
63
20
39
70
92
39
28
58
89
45
82
45
35
84
66
59
45
19
23
26
86
31
74
75
44
23
99
50
27
99
20
76
36
83
93
92
52
98
93
15
63
67
100
41
15
22
28
52
68
55
46
47
97
18
71
68
76
74
65
37
72
53
77
58
28
100
34
17
30
84
59
19
57
28
44
85
99
46
31
69
82
92
13
86
85
41
12
15
54
64
67
68
34
75
76
19
86
62
80
72
32
45
22
88
16
26
44
65
100
23
48
22
58
29
50
22
55
61
81
48
41
94
48
23
19
20
91
76
85
70
81
65
68
20
57
58
15
59
43
58
45
79
74
43
42
62
13
23
23
26
77
85
88
58
44
66
32
22
14
60
73
30
64
57
52
56
53
56
13
21
65
28
19
89
11
45
11
89
35
50
84
69
70
59
67
47
91
86
86
43
24
89
23
29
71
29
11
100
93
85
63
15
62
53
42
82
18
59
98
11
39
90
63
65
66
80
38
64
23
42
