22
45
43
99
33
80
71
39
43
87
89
88
24
59
10
61
73
20
57
83
69
74
27
72
61
58
14
90
19
40
91
24
57
34
76
10
50
88
42
82
44
98
74
50
100
23
38
100
48
31
55
100
98
16
36
37
87
15
31
81
30
87
63
92
85
66
60
56
67
49
31
89
54
33
14
36
50
53
43
23
96
44
70
27
74
82
15
37
93
37
60
98
79
33
70
14
100
19
23
30
73
79
70
26
78
26
71
91
46
12
77
61
43
22
99
96
53
84
54
55
52
23
30
21
64
60
71
78
100
74
26
70
95
18
78
81
50
37
92
61
93
78
17
46
60
39
38
47
63
22
50
99
28
22
98
41
13
20
52
81
43
67
12
81
52
82
99
18
68
46
41
26
98
12
96
52
18
29
71
21
33
23
32
14
37
39
88
91
28
95
51
23
47
94
77
43
59
11
90
22
41
96
45
32
26
95
56
37
19
25
84
67
73
51
70
77
92
44
84
40
15
44
58
75
75
60
93
91
66
66
40
25
50
51
66
55
63
86
84
56
70
16
98
51
10
100
39
49
34
62
82
65
18
67
19
29
79
77
73
71
73
83
87
84
87
67
91
14
39
97
26
94
81
98
13
70
24
39
67
72
35
56
98
78
43
39
11
95
37
94
68
71
53
91
71
60
84
87
31
25
75
72
81
39
78
95
67
78
37
99
76
34
75
65
20
19
34
84
62
10
50
65
28
55
14
89
91
25
20
58
18
84
83
62
81
41
38
92
98
93
75
25
39
54
93
100
52
26
87
71
19
47
47
52
52
71
14
82
78
12
69
86
73
46
21
75
60
15
51
63
99
63
19
74
17
98
47
15
69
89
48
64
93
60
72
25
21
86
52
45
41
24
36
66
33
15
45
21
92
34
42
20
30
18
88
14
17
63
79
47
64
30
78
70
34
27
13
52
68
92
50
75
67
50
54
73
50
71
35
26
52
84
79
39
58
31
50
95
39
19
16
15
96
45
54
83
27
52
10
84
29
55
43
35
70
18
65
91
96
22
15
15
44
99
47
15
98
75
65
36
41
72
71
72
53
31
54
90
66
58
86
80
68
13
47
87
43
14
29
30
31
39
76
16
78
39
57
56
25
54
67
43
84
60
78
48
47
80
51
39
99
58
87
43
19
24
12
93
63
49
78
22
48
35
82
62
71
28
66
16
56
17
32
41
52
59
92
38
18
94
96
53
58
36
91
41
11
83
78
44
89
36
64
28
48
93
49
26
10
27
78
36
27
70
50
97
64
37
53
29
48
61
32
43
98
55
48
90
24
63
17
42
82
89
100
66
90
97
58
56
85
92
100
65
91
68
91
82
96
39
42
87
49
45
15
82
29
19
99
11
37
46
16
50
34
92
87
24
16
76
16
59
40
92
73
54
85
90
29
27
53
26
68
18
97
58
31
94
76
87
36
78
20
89
15
24
38
70
63
23
95
58
76
10
32
75
83
58
62
40
96
51
99
89
58
59
24
62
93
40
36
18
11
92
45
16
13
61
50
88
53
17
21
21
29
24
57
67
58
74
82
51
42
15
67
20
31
80
68
39
62
43
49
50
48
54
55
70
30
57
78
20
77
73
78
42
85
23
39
32
46
84
69
48
68
55
42
66
41
25
51
11
57
63
74
23
49
36
62
61
67
35
43
73
58
43
98
31
59
48
31
13
30
81
73
66
19
15
14
45
35
85
84
100
34
70
94
10
38
24
24
96
66
42
45
34
87
59
67
36
80
39
52
63
57
94
55
96
35
72
69
73
59
31
89
33
22
14
73
76
21
73
81
67
40
58
89
55
10
82
44
89
80
16
64
52
80
85
15
85
63
17
98
22
28
55
54
77
63
87
82
94
20
92
23
80
64
30
13
43
50
67
52
97
24
93
55
89
15
54
74
15
26
20
61
100
13
63
37
66
61
80
73
53
78
39
36
100
84
44
91
19
20
57
39
19
93
54
99
81
80
96
91
28
52
92
52
81
60
99
65
38
32
71
29
96
59
14
96
77
37
67
78
17
75
41
62
21
50
49
81
22
50
19
72
39
42
29
58
77
82
66
54
40
31
91
25
84
78
100
57
74
38
21
63
35
87
86
13
72
38
76
41
93
43
40
27
74
70
44
41
66
67
59
26
19
88
20
85
37
29
60
59
99
83
88
22
42
100
45
91
87
76
89
33
49
76
57
89
85
27
28
35
33
51
46
60
91
21
69
82
10
21
69
13
91
97
49
29
40
58
71
56
75
30
58
97
63
33
41
76
72
38
45
14
34
63
89
37
28
56
66
52
42
34
41
50
49
69
49
54
84
88
58
97
100
29
37
92
68
11
66
49
43
83
38
94
34
66
43
91
76
62
14
70
42
83
18
85
92
31
66
82
85
66
60
89
60
95
49
94
54
81
55
81
79
32
25
33
70
18
95
45
47
51
16
37
63
66
75
53
32
49
60
19
41
46
56
55
30
44
46
93
30
17
12
77
27
29
85
37
96
12
29
59
45
53
21
89
81
92
90
64
34
72
74
18
57
37
33
84
64
16
76
90
48
94
33
24
53
45
84
56
42
25
51
18
29
60
76
54
21
36
68
97
59
92
95
38
55
71
88
95
35
92
56
41
52
94
60
87
81
13
24
94
73
31
50
36
38
33
62
37
61
98
50
78
34
82
95
75
54
53
95
27
96
81
10
51
92
23
52
47
72
19
66
34
65
39
97
66
68
65
56
83
49
64
19
96
69
86
78
80
84
61
46
62
15
70
88
57
21
17
66
65
86
74
63
41
37
22
24
21
67
38
72
36
41
65
15
65
63
13
62
91
15
15
97
83
98
59
16
84
83
93
32
28
89
82
53
68
62
57
52
42
10
78
83
68
82
88
11
96
65
16
35
59
51
29
92
54
74
52
77
81
84
84
21
31
80
24
52
60
72
47
92
21
35
55
52
51
11
59
82
89
56
87
70
48
85
76
66
91
58
72
99
27
19
77
67
43
16
21
46
64
41
83
10
20
64
94
18
13
35
27
16
82
41
24
14
72
81
55
17
16
96
63
64
63
76
82
43
45
82
82
84
62
70
29
46
44
20
69
18
22
12
24
39
96
19
42
28
19
84
87
51
14
74
16
83
100
60
37
50
49
33
47
43
58
64
76
60
28
45
46
31
53
68
76
18
23
25
66
79
84
48
51
28
45
80
98
96
65
96
83
16
82
71
67
90
50
47
77
10
19
22
48
54
92
44
21
14
92
63
90
84
34
70
100
65
93
31
73
48
50
10
50
53
43
31
89
40
48
77
22
77
30
46
77
99
82
22
49
30
64
96
19
15
88
69
15
20
89
50
55
24
73
100
10
57
28
65
73
82
94
81
85
66
24
86
