38
12
96
12
51
53
55
31
72
60
41
94
53
90
54
93
96
96
83
45
18
54
45
62
90
13
82
68
28
62
100
92
88
48
46
98
36
23
30
20
31
91
86
18
60
48
96
44
46
74
54
45
24
83
64
78
11
87
10
21
62
31
39
13
47
100
14
28
41
94
94
76
65
78
41
83
48
64
28
100
85
58
30
33
30
26
90
34
23
57
32
93
13
92
80
96
11
71
56
33
59
63
75
64
58
43
28
87
55
80
31
47
24
11
49
41
30
15
82
10
25
72
80
85
54
100
46
42
97
80
54
91
73
75
61
97
44
31
91
31
64
73
20
60
79
19
78
89
38
13
60
25
37
49
67
89
45
67
58
52
68
94
82
92
60
37
96
54
28
83
93
59
78
50
61
64
16
10
83
48
53
75
98
24
88
80
88
49
44
70
30
85
91
10
17
81
13
98
85
71
47
80
78
60
61
25
93
58
11
45
67
76
46
99
46
51
22
50
67
92
49
89
63
19
88
36
88
13
82
96
63
15
53
33
36
94
60
88
15
43
75
17
57
13
75
98
98
90
66
68
23
89
55
78
98
49
16
18
70
81
30
56
53
83
93
17
13
30
88
51
56
70
58
67
80
23
53
66
12
51
16
76
63
63
35
66
39
100
92
39
50
17
98
50
17
88
99
86
67
70
49
38
36
60
32
91
15
41
75
68
85
26
64
37
66
100
62
66
75
90
13
20
24
55
10
10
65
79
61
51
68
57
85
93
58
21
68
57
51
75
58
87
56
90
57
19
98
53
78
84
66
18
88
73
100
13
12
85
74
52
40
85
68
31
23
47
74
85
89
82
61
61
37
99
13
86
92
23
51
15
72
16
70
25
59
47
21
42
26
22
17
14
67
93
61
59
56
34
61
94
43
37
49
44
81
36
71
67
12
93
61
88
95
22
76
61
26
49
29
44
30
68
87
63
40
30
75
92
69
97
70
51
20
26
97
23
89
48
68
16
38
28
46
98
45
25
75
95
32
36
95
81
86
70
83
55
15
77
95
31
42
18
35
56
58
46
59
19
35
77
99
11
87
43
51
64
81
17
58
48
93
15
33
10
90
57
65
92
57
15
80
100
54
18
19
70
36
11
67
16
36
71
64
25
26
83
18
92
44
14
33
34
89
89
66
90
53
37
33
38
71
43
76
76
10
48
48
65
36
48
15
69
10
90
99
95
83
33
40
50
67
20
80
31
52
44
52
31
86
55
83
58
50
87
55
72
67
11
79
87
52
34
16
97
87
77
21
80
61
30
64
37
35
58
97
98
12
36
22
46
73
12
34
88
57
77
90
86
24
29
49
75
58
17
48
70
58
57
77
50
64
77
62
85
87
77
82
86
63
16
71
53
66
90
97
37
90
42
50
42
32
57
74
38
45
61
75
43
27
10
47
32
46
15
82
90
95
47
24
73
15
89
39
95
68
72
89
66
30
61
11
91
29
89
74
20
43
91
96
28
58
76
84
59
40
77
66
59
89
12
91
45
69
10
21
36
41
32
54
61
17
62
46
63
26
42
69
39
78
41
85
35
91
89
87
71
38
33
84
28
29
75
13
91
84
78
32
39
27
52
60
30
43
99
95
59
13
44
23
61
64
50
47
63
51
26
61
54
61
31
10
93
83
98
96
37
36
40
63
61
79
99
83
24
29
82
44
77
84
53
26
60
31
42
53
92
31
59
66
33
57
38
77
45
93
24
82
13
99
70
91
82
34
94
10
97
46
48
37
18
75
37
37
35
19
74
81
30
54
10
14
91
31
49
83
37
15
46
10
88
81
41
65
20
76
31
44
36
23
55
69
50
58
56
78
34
93
58
89
78
90
84
31
19
35
47
21
23
19
34
39
37
52
64
46
73
100
79
91
72
38
54
73
65
64
69
12
42
83
88
68
99
17
90
25
39
23
100
96
32
95
11
93
30
11
79
41
78
55
60
92
34
83
87
56
38
25
70
36
84
40
28
55
51
75
24
71
53
45
62
84
66
96
73
13
47
93
71
83
10
87
79
56
30
83
16
35
59
64
85
93
94
42
25
45
72
57
41
60
69
94
13
83
61
57
11
82
27
22
76
20
59
20
91
55
99
31
64
59
55
12
26
85
41
85
15
74
83
74
77
96
34
35
27
44
16
16
60
52
95
86
24
15
19
39
56
86
44
94
52
23
63
54
89
92
47
29
77
51
45
89
18
77
32
23
61
100
66
80
95
35
14
33
38
87
64
79
12
63
49
13
46
58
78
88
16
99
29
78
55
81
84
62
16
26
64
61
10
23
58
62
26
80
98
21
98
83
51
11
47
69
88
17
56
88
37
93
64
76
58
33
29
21
63
29
78
63
43
59
88
65
80
41
18
45
86
61
86
35
30
41
26
100
53
41
67
80
87
21
88
43
65
82
85
49
37
79
36
35
59
40
36
33
70
15
18
91
54
91
30
22
59
96
87
45
25
64
39
80
40
30
60
17
84
54
52
65
60
12
66
41
85
92
48
65
36
59
52
66
23
98
61
64
50
35
94
35
83
29
68
22
40
74
73
94
10
31
94
73
47
68
78
89
34
43
12
59
58
19
78
18
64
23
88
15
97
64
96
52
13
32
95
41
81
40
61
23
63
64
52
96
93
48
51
63
100
44
80
38
53
14
85
75
13
36
59
76
13
57
13
59
72
68
64
35
34
51
24
28
19
16
100
83
20
42
63
23
86
90
42
31
71
16
81
32
84
73
92
55
17
52
36
32
29
35
28
69
85
70
72
52
19
63
24
48
87
27
12
22
32
98
82
86
65
46
64
38
59
42
40
26
94
79
62
97
80
49
93
77
16
85
84
18
28
28
90
25
52
58
59
29
48
19
46
49
14
48
50
92
57
42
55
25
22
14
90
77
25
13
83
10
89
25
29
45
91
98
87
56
39
32
61
96
53
38
48
66
87
82
82
40
75
44
83
93
24
57
34
25
96
28
63
61
63
17
81
56
51
16
94
77
60
28
42
55
88
35
37
85
85
50
95
83
25
54
75
11
68
19
83
99
68
79
63
42
83
35
39
64
45
22
95
85
72
95
29
94
22
80
94
13
66
18
100
61
84
38
59
28
24
11
19
38
73
87
86
10
10
52
50
69
21
71
99
36
18
86
63
80
60
97
16
22
57
72
99
91
19
40
81
59
24
19
73
33
10
33
13
22
54
51
28
38
38
52
98
67
56
17
24
33
44
67
58
48
69
90
86
79
69
95
41
70
85
97
12
45
23
59
51
67
63
37
97
26
55
31
80
86
29
28
23
90
36
22
61
36
10
55
86
45
47
91
88
15
15
84
90
29
37
41
49
68
21
55
95
87
89
97
96
22
24
94
26
64
82
33
98
16
16
64
92
95
88
71
92
23
75
61
29
42
48
49
56
67
62
87
80
65
39
10
88
56
14
30
13
51
34
25
51
81
56
92
41
62
32
62
46
13
45
31
48
97
43
56
40
64
67
41
31
100
30
15
89
29
15
73
77
14
72
59
41
24
17
21
45
22
60
68
71
48
28
63
85
48
44
25
39
26
78
21
54
46
41
50
67
67
24
41
55
36
67
17
48
21
14
60
55
32
46
86
69
87
32
90
29
69
17
69
80
40
52
88
97
29
80
84
71
13
31
66
45
36
33
51
67
21
30
97
99
49
95
73
44
74
77
51
75
99
83
94
26
62
33
31
59
24
91
46
59
29
10
99
43
86
44
23
37
61
86
33
94
29
74
51
94
90
66
51
85
59
33
43
87
62
98
45
23
75
76
97
42
78
32
85
20
29
87
57
94
83
96
41
70
26
11
69
10
43
25
35
75
11
76
96
100
45
37
92
51
91
74
38
39
35
77
37
33
17
83
91
61
98
84
78
13
11
19
18
100
74
72
62
59
31
64
15
13
86
36
65
11
51
16
81
26
60
27
52
57
27
46
17
35
56
76
94
65
98
89
66
87
86
15
43
42
66
13
44
11
16
45
96
79
95
64
39
31
62
21
26
65
13
71
13
98
34
48
88
95
90
98
44
85
23
73
45
63
13
10
53
69
74
57
98
60
45
71
57
16
99
32
16
33
100
43
52
97
24
42
81
22
62
80
68
39
37
38
99
84
83
78
11
70
80
30
47
31
52
12
62
97
22
86
56
27
48
47
53
71
16
79
61
70
52
70
46
73
41
61
45
41
59
57
99
18
83
33
74
29
81
43
23
24
76
14
83
34
59
56
82
43
62
26
29
37
57
37
65
27
34
51
10
22
42
95
73
84
39
98
66
19
75
100
82
29
66
57
13
70
68
25
50
17
41
76
72
74
12
82
19
88
52
55
21
50
32
94
96
26
20
27
22
74
90
89
28
57
66
83
56
59
98
17
47
24
90
34
27
55
81
39
82
12
44
14
91
91
39
30
94
45
53
54
84
33
31
98
25
20
22
37
100
24
53
17
41
47
28
27
83
13
46
100
54
74
24
17
38
36
11
41
36
58
69
73
59
24
45
50
24
55
38
60
53
54
48
59
28
93
33
98
58
68
59
68
72
95
66
76
22
36
65
36
26
84
49
72
86
71
98
75
60
92
82
31
65
92
74
34
47
100
85
58
76
40
12
41
71
96
73
27
50
76
15
57
70
95
76
31
88
14
17
56
93
27
10
45
95
39
69
87
21
22
14
78
48
29
33
76
20
26
76
94
54
24
98
31
48
94
98
70
43
62
47
10
34
44
78
19
30
85
10
98
48
72
61
88
15
63
58
86
33
77
78
79
85
22
74
11
26
38
33
61
60
39
12
62
66
28
67
83
12
80
58
54
64
10
35
54
32
37
77
82
92
78
15
47
36
90
12
99
54
72
16
24
30
64
85
67
100
58
10
36
25
96
30
90
38
55
45
46
57
81
33
91
47
18
69
66
52
85
43
21
10
40
62
71
89
19
69
80
42
48
15
86
57
68
73
79
82
36
28
26
17
14
63
12
88
52
85
91
12
64
85
57
95
11
24
23
17
43
90
68
57
59
74
98
58
38
37
38
61
46
33
78
21
80
79
75
80
33
47
63
27
59
56
76
77
70
13
20
67
29
17
51
44
62
96
55
52
32
11
69
70
47
76
78
63
58
19
49
90
36
45
71
96
96
81
71
21
46
63
37
44
60
77
79
19
67
20
17
21
80
83
38
88
50
53
34
57
37
33
58
12
24
24
61
90
52
75
86
35
96
72
77
56
99
51
36
97
62
75
47
15
13
89
25
100
69
17
72
46
37
38
19
56
95
93
59
78
81
53
99
79
51
49
25
90
17
29
64
72
61
83
37
63
93
71
90
89
86
98
48
72
26
96
32
39
84
46
40
89
83
58
31
75
93
85
33
64
75
70
92
37
15
90
77
62
53
29
49
52
38
38
68
22
47
85
63
19
16
46
20
67
14
54
79
88
78
33
63
68
42
45
96
83
69
52
11
49
44
42
47
61
84
61
90
46
25
35
75
42
31
61
95
12
39
11
94
24
32
78
66
96
12
37
18
33
51
53
76
43
76
35
49
50
100
53
20
72
43
57
31
94
27
80
16
95
46
41
25
83
61
83
28
95
96
31
19
74
94
52
48
14
53
82
45
54
62
74
69
61
37
18
48
31
29
12
31
