39
14
35
34
20
41
53
59
52
66
56
17
68
22
22
81
18
17
76
73
68
34
78
82
59
74
34
78
91
19
63
99
36
28
85
33
11
76
79
80
48
36
93
80
77
28
80
65
41
45
77
48
54
22
24
11
10
84
95
90
85
27
83
72
53
70
27
38
93
55
64
12
82
65
60
65
45
51
72
87
84
58
89
98
17
67
42
86
41
65
73
45
55
16
15
81
16
37
21
19
51
19
50
51
72
65
18
31
19
20
37
76
73
31
20
24
21
22
65
53
68
97
32
100
62
31
66
64
12
24
59
40
16
92
54
32
14
98
47
41
45
85
91
34
100
60
18
62
10
20
40
96
17
77
51
50
59
13
73
34
43
10
18
69
36
41
18
53
97
91
33
55
89
94
69
81
74
54
73
96
33
90
67
58
62
87
21
45
100
97
78
94
31
92
71
73
83
90
56
49
61
16
40
60
21
81
91
52
96
83
75
96
59
16
100
49
29
38
96
45
40
50
91
84
67
65
14
27
100
90
15
33
80
58
68
100
65
91
10
42
84
58
91
22
45
83
56
72
16
14
86
33
39
81
53
17
67
35
19
87
58
90
98
17
75
22
91
72
84
60
29
70
31
56
25
34
34
76
72
67
16
91
66
62
42
57
93
80
30
63
55
23
97
23
68
21
46
92
86
18
52
42
93
72
36
70
28
10
83
32
74
39
53
79
97
14
95
97
43
36
53
72
14
98
74
23
39
63
87
74
33
10
14
71
32
49
11
12
80
10
54
74
91
11
20
71
73
42
84
74
23
65
53
32
72
92
47
45
37
60
33
46
100
24
18
93
63
24
53
50
82
10
86
59
56
80
23
51
70
21
41
100
73
97
29
47
12
66
69
34
95
28
54
11
94
16
11
52
34
95
75
87
96
72
56
34
90
94
71
22
72
20
22
41
23
62
79
13
12
83
85
21
48
81
74
54
75
53
66
77
61
19
84
25
24
63
96
21
44
50
65
58
49
95
85
32
86
62
26
10
36
15
72
41
18
47
90
64
23
15
29
28
76
78
83
33
20
46
76
68
22
70
13
63
85
35
89
97
10
23
55
34
86
30
64
57
42
31
19
44
24
61
57
41
22
11
78
22
68
95
52
39
64
77
13
35
65
79
82
97
17
53
78
73
39
85
26
14
42
58
47
72
57
56
96
44
95
26
66
69
56
82
67
50
94
77
74
61
67
23
24
81
44
70
14
31
61
58
14
26
46
44
91
59
91
66
21
99
64
29
60
75
69
64
79
55
59
99
97
25
66
97
61
69
98
98
42
88
52
20
67
53
93
98
55
77
26
73
66
42
41
61
55
46
69
14
49
95
74
52
98
28
48
15
53
25
50
56
72
55
65
24
61
43
20
51
47
35
27
27
92
17
53
20
60
47
56
87
33
16
71
54
76
55
80
99
56
69
90
52
33
97
15
43
42
30
31
14
55
22
68
98
67
51
38
29
84
83
87
64
66
50
89
23
32
16
58
54
30
67
63
11
93
42
37
45
59
54
71
90
11
15
43
66
24
99
16
11
28
55
61
21
32
52
43
78
65
76
56
27
22
39
11
35
91
46
47
96
76
58
64
24
78
27
31
83
34
21
23
74
92
50
50
93
63
55
72
37
92
50
52
80
74
41
35
64
19
20
15
72
44
83
52
14
15
34
94
27
45
20
86
40
95
51
37
74
28
95
93
18
21
18
22
96
68
17
85
100
74
44
13
30
16
87
59
76
75
34
37
60
12
64
37
26
38
55
95
25
61
32
59
30
35
75
52
37
47
91
89
68
65
30
29
37
35
86
13
43
92
20
27
42
75
92
99
45
12
54
16
14
43
93
79
85
59
22
18
66
58
34
81
78
97
50
35
68
80
48
36
16
77
80
39
54
21
47
22
31
28
52
54
10
19
37
98
33
85
35
88
47
60
59
79
54
79
100
18
82
94
94
72
25
15
24
56
54
74
65
14
71
92
24
27
64
36
85
36
51
37
16
72
61
18
29
16
97
17
85
50
52
32
86
44
71
17
24
60
22
14
90
97
18
18
66
72
56
57
86
19
81
90
57
32
62
74
75
29
49
95
91
27
48
50
55
71
86
82
73
36
94
80
69
31
57
94
71
99
59
29
93
81
36
78
42
42
23
85
43
33
20
50
100
14
25
88
36
10
80
33
77
55
74
27
36
30
23
42
43
88
37
13
42
60
31
84
75
80
14
18
71
73
17
60
30
80
60
30
75
53
74
52
20
95
22
21
44
19
30
50
64
98
48
64
75
74
77
32
46
47
84
95
15
74
58
45
38
33
19
12
34
66
80
60
82
46
76
97
29
36
85
40
24
33
63
38
28
59
10
97
42
96
29
19
95
56
68
98
43
32
61
78
27
61
27
57
82
75
37
31
29
93
28
91
22
52
56
72
53
41
22
22
62
36
95
93
74
66
58
42
27
68
67
15
14
66
16
46
92
72
61
60
86
52
50
35
37
44
91
53
76
56
38
80
85
19
55
22
85
26
51
60
75
12
90
47
25
20
71
36
13
21
98
49
55
23
88
60
71
84
34
13
66
32
88
88
26
37
81
25
71
51
65
65
93
51
20
40
14
43
18
31
33
78
53
52
70
28
53
77
27
60
46
11
41
79
79
63
47
61
36
63
73
94
100
75
76
58
91
50
17
64
62
22
46
54
54
27
70
100
57
94
72
49
13
88
54
57
32
88
64
90
83
91
36
71
100
71
96
21
93
33
72
23
23
30
41
12
87
18
97
88
26
14
19
20
70
31
46
77
53
80
55
86
94
79
90
27
71
77
66
10
95
39
35
45
22
55
10
21
30
83
97
10
64
36
52
67
19
70
64
83
73
38
28
41
43
72
99
61
26
92
65
97
54
23
39
56
68
93
51
78
29
77
22
86
13
62
66
62
96
66
40
86
15
70
61
25
82
23
85
34
77
24
80
87
37
42
25
89
85
69
47
53
51
65
92
52
53
100
45
87
93
76
20
37
74
85
54
21
93
77
17
63
54
61
34
45
19
52
35
76
99
69
97
41
78
92
68
47
35
70
94
24
73
53
44
47
75
75
93
15
39
13
95
75
62
21
78
56
58
12
19
46
16
19
10
96
76
16
86
87
62
61
96
46
94
45
59
52
56
63
77
66
76
61
96
12
31
17
37
86
29
58
93
28
46
89
42
31
100
81
82
12
53
69
48
44
36
20
15
79
98
34
85
78
83
87
53
75
65
35
79
37
82
68
40
42
19
13
100
88
29
62
11
48
21
26
41
83
47
27
32
71
56
12
33
17
25
50
18
33
93
85
20
66
17
78
77
28
44
77
93
76
23
89
97
17
82
18
63
53
100
19
68
40
21
80
89
70
63
