90
90
80
45
31
43
42
86
13
31
90
27
26
98
17
17
59
76
57
52
12
95
58
25
75
65
25
24
25
70
32
50
95
81
100
37
93
81
93
47
68
35
92
83
75
84
86
89
46
60
82
16
29
77
86
25
41
80
78
86
40
48
27
49
33
45
77
64
71
33
95
47
96
34
82
78
16
88
39
25
24
41
87
51
56
28
31
17
72
17
95
13
20
60
46
75
61
10
25
91
43
28
81
10
44
55
57
14
24
69
21
68
50
35
43
50
68
13
89
26
52
12
82
88
91
19
11
83
48
32
15
11
61
18
76
95
93
26
47
28
81
98
71
64
28
23
51
23
64
79
12
88
32
29
57
67
99
13
48
73
27
34
62
86
77
47
45
45
63
96
17
24
24
21
51
28
47
57
73
73
54
41
37
97
77
13
40
57
12
96
33
49
49
65
39
12
99
89
95
64
51
11
78
62
40
18
98
85
20
23
99
51
70
95
78
23
17
54
69
67
81
62
23
96
32
65
45
33
90
32
56
27
41
72
32
93
63
82
83
88
26
86
80
86
41
71
97
16
29
69
47
43
95
86
29
75
84
30
79
45
52
20
32
22
35
92
57
94
32
50
11
43
48
61
77
50
33
96
28
70
31
94
61
75
87
23
95
91
11
76
30
27
17
21
84
20
65
56
98
60
87
76
31
49
27
73
64
52
23
71
93
62
63
14
78
56
59
88
90
69
98
14
50
61
88
86
95
12
52
84
16
71
61
39
73
73
70
94
29
73
91
87
68
72
59
94
97
66
97
84
32
58
61
93
54
86
83
14
41
55
39
66
28
37
97
58
28
50
25
13
50
10
56
88
51
86
28
23
44
52
61
55
36
65
94
46
26
67
38
76
18
100
36
100
15
90
51
67
22
34
91
46
11
86
58
47
97
29
98
51
50
55
84
16
87
30
43
13
54
68
74
16
39
13
34
49
96
78
86
92
51
85
76
40
66
89
93
62
83
94
40
90
44
80
99
71
39
84
92
68
67
69
10
64
69
98
52
67
44
26
41
14
29
72
48
44
80
51
87
40
41
55
43
20
67
91
93
10
19
48
22
26
44
56
41
65
18
35
11
35
89
21
78
51
62
40
24
28
41
71
31
87
21
89
18
34
65
35
31
27
55
41
82
59
65
42
92
56
36
36
55
34
28
46
51
47
19
82
34
69
44
68
21
18
75
43
53
75
13
67
94
47
18
17
40
75
84
80
88
55
20
44
42
53
55
53
47
68
67
95
47
49
18
55
64
59
64
80
93
58
72
62
66
76
45
27
40
61
96
80
96
34
44
42
32
16
91
33
79
52
16
61
85
20
75
88
91
10
75
63
10
75
53
14
60
15
99
72
77
55
24
90
85
19
96
63
94
16
35
59
80
17
48
78
76
52
85
21
82
17
90
78
52
43
75
18
76
60
68
48
25
40
13
71
93
90
61
15
42
43
20
48
74
36
50
21
58
56
54
83
100
26
29
58
36
92
70
100
74
86
14
46
49
45
10
90
64
88
59
68
18
20
58
83
54
25
97
43
25
52
73
52
10
18
58
81
65
56
90
27
43
99
17
59
20
90
74
64
93
97
64
50
76
15
49
15
30
75
50
90
37
53
28
18
100
54
12
88
76
88
39
26
19
67
46
44
90
92
96
32
30
10
96
93
77
50
95
28
71
55
54
17
72
64
83
95
28
31
63
23
19
56
75
61
58
72
72
73
16
81
17
15
57
54
16
100
29
81
48
73
58
95
22
71
72
56
72
94
80
30
91
66
95
28
77
54
29
87
100
64
83
83
24
82
44
20
53
53
85
34
70
62
23
25
31
14
10
42
24
37
75
94
43
93
33
46
65
48
100
79
41
83
30
53
63
18
33
69
38
62
31
92
83
86
39
63
28
31
64
82
29
47
37
62
77
72
86
57
68
61
15
91
42
73
96
51
10
33
57
39
39
58
71
32
56
48
55
74
95
33
28
40
74
40
39
76
34
23
12
58
76
79
43
82
97
49
55
77
14
75
54
79
30
33
45
57
43
33
43
65
62
82
61
68
52
92
70
98
20
76
41
61
21
34
68
95
33
89
38
65
39
73
77
34
86
55
65
23
58
32
83
74
92
31
82
51
57
52
25
73
88
16
16
85
89
77
66
79
19
13
43
35
90
10
37
67
19
55
54
80
10
83
89
92
44
51
41
43
84
39
48
31
59
97
43
15
91
45
46
20
19
34
94
70
22
78
84
56
17
23
28
19
38
68
83
65
64
49
58
29
32
72
36
76
38
79
77
16
88
79
46
52
97
20
13
94
30
30
57
74
93
40
42
97
15
78
45
70
44
57
93
31
80
38
30
71
74
50
41
38
100
96
81
45
27
22
16
20
48
43
22
65
91
57
22
38
88
18
37
67
86
92
59
37
52
15
90
99
51
52
26
30
37
97
55
42
83
23
65
95
15
51
66
80
17
14
93
96
60
41
26
38
88
19
25
43
20
16
37
21
18
54
30
14
25
68
10
83
22
91
41
61
43
94
20
70
32
87
65
97
11
84
71
93
73
22
11
50
22
81
39
75
68
36
51
89
18
32
70
59
21
36
57
68
82
97
31
31
50
83
73
43
26
97
77
98
83
13
81
28
36
15
50
91
11
30
32
71
93
31
18
27
13
72
19
30
42
22
97
68
81
93
35
93
99
86
58
92
22
31
47
44
65
81
58
68
81
57
95
49
89
84
92
47
87
26
28
18
62
97
47
34
19
36
67
74
29
13
48
50
81
96
87
85
87
13
44
62
30
47
46
99
60
56
60
22
64
69
34
68
83
28
85
89
49
35
21
18
73
35
23
27
71
75
41
44
95
15
33
68
37
26
44
70
10
98
93
26
48
39
14
99
56
55
16
44
41
28
30
55
88
22
30
32
75
51
12
39
40
25
25
69
14
33
23
41
43
23
92
16
86
46
75
54
68
100
48
51
38
57
64
51
54
67
15
11
36
40
83
58
57
45
24
65
80
64
94
45
61
68
98
34
65
68
93
13
87
70
49
41
41
12
58
27
49
53
25
70
13
61
90
92
10
39
39
100
82
69
63
74
40
99
55
47
34
48
78
12
62
82
59
11
30
69
53
31
31
18
93
81
81
44
61
44
62
98
33
36
52
97
92
98
30
42
37
54
96
21
35
99
63
67
15
48
28
83
23
38
46
49
58
69
80
57
73
54
63
13
100
11
74
27
18
74
84
82
19
86
73
10
26
60
96
76
97
53
100
43
98
40
63
57
47
74
29
80
59
69
58
52
85
49
74
73
84
12
18
18
55
70
57
14
25
30
72
39
79
76
57
98
90
14
72
54
79
51
80
43
26
34
63
63
31
46
10
93
72
57
64
89
63
96
23
82
35
84
71
63
60
74
24
43
68
81
34
76
91
28
20
98
85
72
86
35
44
35
15
26
57
32
23
73
25
18
43
47
47
46
83
82
23
70
46
36
78
14
79
65
68
78
35
52
95
10
39
11
64
49
96
92
50
21
48
71
20
75
94
64
47
17
81
45
35
37
44
61
14
12
58
33
37
81
31
89
100
43
61
37
17
33
25
28
27
36
43
34
69
94
66
29
77
90
30
99
15
39
14
80
14
41
57
59
66
82
36
99
70
51
67
37
53
28
65
15
63
30
98
54
31
45
15
11
87
38
55
73
34
68
80
89
61
57
63
32
38
34
74
47
13
18
84
63
24
62
18
94
43
22
86
48
95
17
85
76
90
50
85
94
60
67
77
54
68
70
13
93
57
34
16
68
43
85
22
88
78
25
83
78
97
63
20
29
29
82
15
62
57
59
29
90
52
26
74
54
69
18
24
36
49
52
68
87
83
14
83
89
95
27
88
79
86
31
84
87
78
96
45
79
62
37
27
94
33
33
54
64
12
11
37
62
82
37
21
78
45
90
100
37
21
42
98
50
12
97
77
23
29
68
34
70
40
55
20
41
99
88
24
27
37
69
47
59
43
92
65
43
59
29
19
30
14
94
55
58
63
37
39
70
94
100
10
15
25
67
14
83
75
29
15
35
48
20
77
83
21
70
31
38
100
89
69
39
62
45
45
93
11
64
20
84
40
55
17
96
44
41
18
49
40
67
88
83
93
15
25
63
48
56
78
94
91
96
52
34
64
19
82
16
94
56
34
63
80
42
19
93
38
57
66
96
25
25
89
50
27
74
33
11
22
68
45
52
71
42
21
87
67
61
79
25
90
59
53
36
71
21
66
84
66
94
80
66
87
81
41
90
12
73
85
96
84
57
54
42
78
59
44
52
91
45
37
72
67
55
31
73
83
78
36
46
90
13
73
75
29
15
44
60
31
13
80
96
36
20
12
73
45
49
64
83
61
63
28
95
55
69
30
38
37
48
39
17
58
72
28
76
39
67
82
54
62
90
12
18
25
72
66
87
40
69
82
20
70
58
17
37
39
27
68
32
59
13
16
91
81
100
60
23
39
53
58
13
88
72
30
63
83
47
77
50
87
73
55
17
71
46
86
53
40
56
46
89
83
33
82
40
97
43
61
60
87
90
95
71
54
57
81
51
53
40
40
70
22
23
43
73
41
91
33
80
52
74
64
60
11
92
24
55
21
44
97
16
60
17
37
15
22
26
47
82
41
33
68
27
45
56
38
94
69
77
52
66
42
52
88
20
75
90
97
43
98
48
24
84
24
59
71
34
45
66
65
19
95
66
21
29
94
19
87
26
24
74
57
20
58
53
49
73
64
99
22
96
46
85
53
78
84
86
95
99
84
35
53
95
67
69
34
92
83
70
24
24
24
38
62
47
82
61
83
60
52
73
51
81
37
34
80
18
12
83
33
34
99
33
16
76
86
79
77
19
45
92
20
16
58
52
45
25
16
19
67
89
14
55
29
20
71
36
34
31
13
37
87
29
48
93
70
15
75
45
92
57
73
28
27
46
14
34
83
76
60
36
32
92
26
55
97
44
14
58
32
15
31
18
95
25
49
76
81
58
84
72
34
25
43
39
97
84
11
92
29
55
74
22
12
71
68
83
13
29
18
53
92
77
79
29
100
49
14
62
72
54
15
16
100
14
97
60
26
55
18
82
72
44
70
50
49
60
66
86
13
26
86
87
92
94
24
79
79
30
24
38
55
59
55
28
36
38
92
98
17
22
16
37
81
80
63
66
35
35
89
95
40
99
13
61
22
37
84
82
47
93
44
37
43
34
70
47
60
73
60
50
69
46
34
46
16
80
10
77
49
26
55
58
34
26
51
26
63
10
40
41
86
69
31
17
66
32
18
13
53
95
22
14
46
60
89
98
57
96
90
28
44
68
79
37
28
13
87
46
45
32
79
24
75
33
22
32
24
63
36
17
55
98
62
23
27
14
84
95
87
66
16
29
90
15
66
89
46
35
100
23
68
42
82
53
33
88
33
38
23
61
14
64
17
69
28
36
50
11
22
85
15
78
17
24
96
28
81
71
17
57
38
89
24
97
38
85
78
26
30
75
33
52
88
30
93
88
78
15
28
48
47
25
24
51
95
74
85
41
81
53
48
87
95
65
45
96
26
71
16
19
63
16
76
81
26
58
69
43
53
85
54
94
22
27
57
97
11
11
75
43
57
86
21
22
69
61
70
30
72
88
82
23
74
87
45
43
85
27
95
66
90
55
11
15
71
26
47
63
46
59
43
47
27
68
43
18
18
93
71
30
37
61
52
83
95
17
55
13
35
46
27
96
100
12
43
16
40
68
51
46
53
35
75
57
86
33
18
57
46
60
64
73
53
89
31
95
67
25
16
60
87
68
89
16
40
82
19
34
41
78
98
47
47
26
33
73
53
67
21
47
30
99
49
13
81
77
94
78
100
87
98
93
30
42
76
100
41
70
21
20
16
41
92
75
18
39
85
64
39
79
27
86
67
70
77
98
60
33
43
20
37
75
17
80
28
38
29
71
70
73
67
93
49
75
35
11
71
23
44
44
59
56
21
87
21
69
70
12
74
74
67
72
99
83
90
56
46
39
49
10
27
87
57
17
67
85
37
19
17
33
36
44
37
48
35
77
35
98
94
27
66
40
24
88
22
59
67
95
16
86
87
25
25
67
53
55
31
51
49
42
34
61
17
64
25
13
89
72
32
16
99
28
65
49
58
29
71
34
37
88
20
19
75
11
21
19
84
57
96
96
72
91
31
20
97
65
96
54
68
54
64
65
59
72
45
85
16
84
62
77
93
23
43
81
61
36
100
67
84
76
37
34
33
86
33
69
63
24
96
18
87
33
77
37
17
50
77
83
72
72
51
65
27
22
64
21
27
39
29
63
43
18
22
11
10
32
42
25
17
44
72
57
13
75
34
20
59
61
17
41
100
28
81
51
62
82
77
13
27
96
32
48
68
11
36
15
37
43
17
36
94
83
18
91
54
55
64
37
72
28
30
71
83
64
58
51
89
23
64
15
67
26
10
16
87
31
26
84
35
52
76
53
91
55
94
37
100
93
28
45
36
20
33
96
42
56
64
41
99
36
96
18
97
29
24
93
71
82
12
28
69
44
48
71
40
41
29
27
53
71
59
38
54
31
14
44
54
29
68
74
65
87
75
46
96
47
60
73
13
67
90
17
82
76
33
58
53
12
28
31
46
63
24
56
31
64
68
76
60
79
79
25
46
100
72
59
28
12
72
45
60
93
36
49
17
12
56
78
36
26
22
92
64
24
19
86
35
89
66
77
35
29
49
39
99
99
69
32
62
90
19
46
55
65
74
81
10
40
