96
83
49
40
42
84
44
26
56
46
21
13
69
58
38
81
93
61
75
15
30
54
89
79
92
49
90
22
85
49
46
54
60
71
75
59
17
53
28
38
31
24
64
75
26
96
41
25
75
98
97
67
93
38
43
16
28
27
69
84
19
100
73
52
12
91
61
77
34
99
78
82
74
90
100
68
21
83
63
60
58
74
97
47
10
35
18
47
80
43
63
84
79
73
95
49
77
94
99
98
44
35
47
42
19
89
97
13
91
73
58
51
100
34
91
63
99
27
13
32
48
78
76
98
89
24
43
71
36
85
10
57
88
55
43
66
63
82
91
79
32
76
63
85
54
88
50
13
55
64
88
22
92
18
99
59
46
36
24
34
84
51
37
78
90
47
83
32
80
96
23
75
22
82
58
69
23
57
86
34
35
31
52
20
87
60
84
11
25
34
62
85
89
38
93
82
55
56
36
36
14
67
30
47
66
14
16
46
13
84
62
20
53
14
68
91
94
41
70
82
74
67
85
37
13
78
15
92
50
47
31
58
79
93
100
51
53
98
56
33
79
84
71
17
68
63
72
47
56
72
49
77
45
80
50
83
91
38
77
55
97
43
60
83
91
11
84
41
37
39
40
29
75
69
64
29
96
62
79
23
39
31
70
37
41
64
47
47
35
63
68
95
25
80
71
55
45
100
45
79
76
46
27
11
43
53
78
66
35
77
74
80
69
77
48
57
17
20
70
62
95
50
69
71
64
42
97
85
87
67
90
99
43
82
48
85
52
86
48
66
77
94
68
88
42
77
76
21
20
32
30
12
32
43
73
40
28
57
76
20
58
47
93
41
41
61
73
30
50
25
47
77
41
56
37
32
39
67
56
18
54
24
76
55
40
58
81
45
41
16
40
33
70
32
99
80
36
82
50
48
30
44
52
93
70
21
67
31
35
33
81
49
20
78
28
91
40
14
17
51
15
84
80
58
48
49
63
76
93
76
33
26
52
19
72
71
55
10
42
59
18
80
92
59
40
42
21
33
93
32
62
18
14
28
83
51
52
42
61
66
73
47
24
76
31
61
27
40
48
19
58
69
24
99
40
94
67
44
29
92
84
70
58
86
65
39
41
41
67
44
40
90
41
34
72
64
88
25
36
26
81
14
89
81
69
46
19
38
70
51
79
70
51
27
25
87
94
35
53
40
25
19
48
26
65
60
81
55
85
13
84
31
74
13
94
93
98
100
33
69
31
90
18
62
25
30
64
11
27
18
81
78
78
32
65
65
64
43
52
10
79
18
35
68
39
37
27
69
39
29
41
27
17
74
70
25
34
33
79
94
45
20
43
50
36
84
71
81
12
55
83
99
34
99
45
66
79
15
49
53
94
75
10
89
57
51
66
26
39
47
28
93
82
84
39
42
24
78
51
93
46
41
87
11
80
43
54
50
80
97
32
37
58
86
64
93
59
95
33
89
96
29
99
67
70
70
54
46
53
17
29
15
25
76
63
91
89
62
81
11
64
79
92
81
89
68
81
59
41
43
39
37
42
61
45
10
100
86
88
84
21
50
42
56
74
11
92
66
93
87
74
64
10
61
22
59
97
44
91
92
19
51
100
96
95
93
88
23
49
61
60
85
50
73
92
34
99
53
86
80
53
88
89
81
33
22
44
80
54
82
52
63
88
86
58
39
98
69
57
63
16
17
93
56
54
59
12
16
29
39
75
67
38
49
51
68
92
87
54
90
65
20
43
11
80
98
96
49
73
32
45
33
66
35
49
37
62
89
82
73
77
40
90
15
76
85
100
51
41
10
11
99
86
75
80
80
86
83
87
12
97
68
17
10
90
98
16
24
56
10
41
33
12
60
51
62
77
59
100
37
55
26
54
11
81
12
77
54
40
70
70
51
96
12
60
56
38
43
30
86
61
59
41
38
97
92
36
57
17
35
90
94
22
91
54
90
86
84
25
57
12
67
59
98
97
51
32
53
10
50
75
92
62
24
66
14
50
94
26
16
51
15
50
61
45
96
76
57
74
61
12
85
83
25
22
43
86
80
25
10
31
74
88
18
21
47
66
82
73
32
85
36
70
41
11
60
89
73
16
96
34
50
25
57
75
11
19
54
59
70
24
78
41
30
40
19
11
75
19
34
34
38
22
90
51
27
37
28
52
75
66
92
58
15
78
90
88
41
43
73
53
65
16
20
23
16
77
95
39
21
24
94
92
55
62
43
31
53
64
62
42
91
41
65
14
42
49
97
72
65
39
33
100
88
62
94
83
15
41
18
55
81
37
12
44
89
19
75
48
48
28
93
92
53
91
99
75
83
22
11
47
44
76
57
71
90
64
58
37
13
58
64
65
75
35
54
56
97
99
56
66
17
89
94
19
56
18
91
16
75
30
54
48
26
28
10
13
21
16
77
80
40
89
29
72
48
24
76
34
38
23
66
35
58
83
50
82
39
17
49
24
42
100
13
25
48
25
24
16
63
55
16
16
92
46
90
100
30
73
82
99
89
88
56
53
59
43
28
34
68
28
36
39
14
49
62
56
62
68
15
53
74
64
19
70
13
78
45
65
86
22
69
43
67
18
15
80
86
68
57
99
45
96
13
10
77
71
21
89
31
47
32
67
69
40
53
17
32
30
70
70
11
11
94
45
62
47
78
71
13
59
25
41
92
67
81
21
70
20
76
34
65
58
39
38
32
40
56
20
10
60
80
99
58
32
67
53
66
47
10
62
17
86
39
62
34
74
42
73
32
10
71
46
92
25
56
77
15
14
17
68
41
10
64
99
42
44
11
10
77
69
78
97
49
34
26
53
47
10
42
63
12
81
78
24
84
57
33
10
22
65
65
17
87
53
30
71
26
89
38
38
43
56
43
29
31
95
77
29
100
53
71
37
55
98
50
68
97
82
96
75
92
74
93
18
39
22
38
49
26
79
95
38
76
78
70
43
99
31
100
42
84
68
29
42
67
90
34
38
57
97
45
58
89
29
81
73
54
57
38
25
52
17
25
60
15
46
40
64
83
92
53
97
78
50
64
54
80
58
60
79
14
98
57
95
60
43
91
97
95
36
64
42
10
80
12
36
31
64
78
92
73
59
20
69
96
94
48
77
50
10
93
58
77
87
36
59
30
48
49
84
38
30
85
87
14
36
17
86
97
70
34
15
66
49
72
68
33
51
70
36
85
63
96
81
54
75
64
14
81
49
44
27
55
88
35
20
27
52
68
53
83
44
36
27
86
58
21
52
37
46
55
23
74
43
56
66
86
48
32
38
40
85
43
52
20
63
77
31
57
81
28
71
91
42
68
83
27
51
94
31
33
44
32
64
65
97
34
15
57
24
100
14
54
81
91
50
100
90
46
28
75
24
69
16
94
35
65
13
75
76
53
46
88
29
69
46
91
45
63
71
99
80
81
81
89
86
68
87
38
14
25
43
72
66
66
81
95
61
83
88
27
22
53
73
31
52
35
18
50
28
28
12
71
23
88
96
94
74
82
45
81
11
18
17
83
100
68
62
72
63
38
28
32
64
98
53
87
24
36
25
100
97
68
28
74
34
56
66
58
86
35
71
21
43
51
52
43
12
83
92
70
28
22
49
39
21
51
68
35
32
32
41
32
34
89
82
44
54
88
27
53
94
92
38
81
20
94
27
41
55
96
65
97
85
61
88
43
95
14
90
66
61
84
26
38
78
82
74
87
57
32
47
89
41
97
18
99
75
14
38
85
88
76
67
32
63
10
35
38
29
82
95
64
37
11
16
84
35
20
27
49
63
45
25
83
53
12
75
60
63
30
70
14
27
90
22
39
65
50
93
26
41
17
47
61
18
62
18
83
88
20
29
89
97
63
78
44
77
15
54
25
81
70
23
89
71
61
56
51
11
82
66
38
70
15
12
59
92
19
10
39
88
73
99
50
88
78
42
41
50
91
84
60
10
79
90
24
50
44
42
29
17
92
51
19
79
18
19
89
20
49
70
12
71
58
99
83
95
25
97
45
12
29
25
56
100
70
43
78
18
44
97
50
47
97
53
37
68
97
63
12
40
89
96
75
29
26
69
20
56
25
22
23
95
83
52
51
98
99
89
16
11
49
57
18
28
71
15
98
21
17
59
23
23
20
93
85
18
44
68
72
78
74
34
70
96
75
13
22
96
38
59
65
23
40
22
12
27
60
100
68
45
63
33
26
38
13
30
73
41
79
66
34
17
31
90
33
88
70
54
65
87
39
74
86
27
70
33
74
44
70
77
67
95
85
17
35
84
20
62
85
28
38
71
93
56
78
50
80
31
76
39
88
58
72
97
82
81
100
36
85
49
80
67
27
43
56
20
77
38
59
79
13
29
92
44
90
20
84
64
68
14
79
45
34
76
86
74
84
47
56
31
63
47
85
40
93
26
98
28
90
79
67
25
24
79
43
53
14
26
51
57
79
22
64
32
35
84
62
84
91
34
35
38
44
12
66
57
22
40
37
93
30
70
14
55
70
39
30
16
15
42
11
19
76
95
65
25
24
68
95
70
14
77
27
98
23
82
64
