 0  0 16  2 27953 17850 8686 478 25731 160  5  0  0  0 872 2873 64 24877  5 39433 72494  0 27 126  0 1809  0  0  0  0 105  0 132  0  0 1481  0 174 36302 6958  0  0  0 23734 13927  0  0  0  0  0 144 159  7 67  0  0 111 17609  0  0 
 0  0 468  0  0  0  0  0  4  0  0 23 85329 262 149  0 26 154  0  0 111 23143  0  8 50119 4384  0 441  0  1  0 40558  0 3134  9 134 8200  0  0  0 919  0  0 834  1 7303 44757 2036  0  0  0  0 339  0  0  0 582 3757 30453  0 
16 468  0 130  0  0 1148  0  0  0 174 20  0  0  0 254  0  0 199  0  0  0  0  0  0  1 46479  0  7  0 42589  0 1646 570  0 77  0 75  0  0  0 1396 11  0  0 1880  0 838  0 6144 10 10  0  0  0 70 95 251 211 317 
 2  0 130  0  0  7 415  1  0 4444  0 23 85  0 48301  0 77 16  0  0 83  0 23 3422  3  0  0  0  0 144  0 17  1  0  0 5724  0 912 78664 135 245 13532 18 3623 29701 3152  0  0 437  0 1976  0  0 35022 52 43  0  0  0 254 
27953  0  0  0  0 46687 15  0 20697  0 16866  0 69  0  1 110 4528  0  0  0 17  0  0  0 20716  0 2343 39760 303  6 93 3036  1  0  0  0  0  9  0  0 54 1507  0 56529 14  0 36  0  0  0  0  0 9758 57413  0  0  5 90  5 65928 
17850  0  0  7 46687  0  0  0  0  2  3  0  0  0 1286  0  0  0 321 12  7 33085 2802  0  0 2589  9 3606  0 1159  0  0 33846 5725 438  0  2  8 84956  0 748 50907  0  0  0  0  0 47489  2  0  0  9  6  0 405 2006  0  0  0 44 
8686  0 1148 415 15  0  0  0 42898 658 24418  0 6697  0  0 14886  0 36124 340 2353 470 124  1  0  0 6446 131  0  0  0  0 5667 2016  0 65160  3  0  0  6 1107  0 3413 43  0 4062  0  0  9 206  0  3  0  0  0  0  0  5  2  0 786 
478  0  0  1  0  0  0  0  0  0 1513  1  6 18 8092  0  4  0  0  0 12  0  3  0  0  0  8 4115  0 63732  0  0 572  0  0  0 23  1 3273  0  0 50  0  2  0  0 5672 777 12370  0 43551 8964  0 893  0  9 4152  0  0  0 
25731  4  0  0 20697  0 42898  0  0 21  0 3749  0 350 372  0  0 69  0  0  0  0  0  0 103 3363  4 345  0  0  0 620  0  0 4995 34 11376  0  0  0  0  0 764 2938  0  0  0 24  0 47  0  0 212  0 8938  1  0  1  3  0 
160  0  0 4444  0  2 658  0 21  0  0 9124 21006 25  0  0 25628  0  0 23740  0  0 70112  0  0 11 452  0 3677  0  0  1  0  0 70406  0  8 66  0  0  0 24795 56525  0  4 2139 70 12016 23722 24847 26  0  0 50571  0 16  0 17  0  2 
 5  0 174  0 16866  3 24418 1513  0  0  0 1018 1578  2 282 30 7557  0 15  0  0 10141 3976  0  0  0  0  0  0 79332  0 3481  2 156  0  3 463 9084 11 969 685  0 96 10422  0  0  0  0 55  0  0 46  0  0 5253  0  4 222  0 37363 
 0 23 20 23  0  0  0  1 3749 9124 1018  0  0  1 557  0 336  0 240 9842  0 55202 7882 468  0  0  0  2  0  0  0 66709 9802 46789  0 40965 25  2 1306  0 2933  0  0  0 55 47377 37  0  0 4499  0  0 1382  0 18344 60 2373 952  3 25254 
 0 85329  0 85 69  0 6697  6  0 21006 1578  0  0 3526  0  9  0 8397  0 9207  0 5475 76 7487 54938  1  0  0 555  0  2 156  0 46733  0 13 16  0 61  0  1  0 30 513  0  0  0 172 47533  8 16548  1  0  2 98 6469 28939  0  2 95 
 0 262  0  0  0  0  0 18 350 25  2  1 3526  0  0  0 142  0 211 3684  0 1380  0  0 45588 696  0  0  0 71  0  0  0 101  4  0  0 53666  0  0  0  0  0  0  0 17472 235  0  0 55915  0 340  0  0  0  0 15  0  0 448 
872 149  0 48301  1 1286  0 8092 372  0 282 557  0  0  0  0 3158 67  0  0 13  0  0 259 350  2  0  0  0  1  0 409  0  0  0  0  0  0  1  0 1758 1711 7224 1104 12  0  0  1 12 115 44275  0 1225  0 15  0  0 755 6137 45 
2873  0 254  0 110  0 14886  0  0  0 30  0  9  0  0  0 869  0  0 594  0  0 198  0  0  0  0 162 26 17 31  0  0  0  0 5421  0 43865  0  1  0  3  0 590  0 117 97862  0 10941  0  0  0 62482  0  2  6 10  1 2555  0 
64 26  0 77 4528  0  0  4  0 25628 7557 336  0 142 3158 869  0 2081 80678 269  1  0  0 719  1  0 12  1  0 1360  3  0  0 155 9342 45563 30 85  0 92556  0 71 61036  0  0  4 2117 11 24144 43327 84 1827  2 16 1729 3204  0  0  0  0 
24877 154  0 16  0  0 36124  0 69  0  0  0 8397  0 67  0 2081  0  1 1248 2334  0  0  4  0  0  0 59  3 25 488  0 128  0 8174  0 31195 109  0 120  4  0  0  0 88640  0  0  1 15  0  0  4 960 8872  0  0  0 14  1  0 
 5  0 199  0  0 321 340  0  0  0 15 240  0 211  0  0 80678  1  0  0  8  0 22026  0  0  0  1  0  0  0  0  9 18490 1010 3847  0  0  0  5  7 65152  0  0 11327  0  0 534 53 37  0 74246  0 68 4728  1  0  0 27 82 295 
39433  0  0  0  0 12 2353  0  0 23740  0 9842 9207 3684  0 594 269 1248  0  0  0  0  0 20  0  0  0  0 11055 53  0 231 4597 28564  0 316 5265  0  0 36957  0 45662  0 123 32  0  0  1  0  9  0  0 2117 24338  0  0  2 313  0  0 
72494 111  0 83 17  7 470 12  0  0  0  0  0  0 13  0  1 2334  8  0  0  0 5231  0  0  0  0  0 1023 28  0 21265  0 17120  1  9 1317  0 4180  0  0 26  0  0  0  0 93 418  0  0  0  0  0 15384  0 47 15 538 11147  4 
 0 23143  0  0  0 33085 124  0  0  0 10141 55202 5475 1380  0  0  0  0  0  0  0  0 231  0 872 2780 688 5876 8434  0  0 10934  0  6  0  0 16  0  0 86747  0 53751 41707  0  0  0 10 110 19  0 44 221  0  0  0  0 8326  0 815  0 
27  0  0 23  0 2802  1  3  0 70112 3976 7882 76  0  0 198  0  0 22026  0 5231 231  0 5552  4 27905  0  0 1574 18206 7098 201  0  0  0  0  0 916 45898 761  0 17674 7771 29740  0 16  0  0  0  0  0 3198  0 14839  4  1  0 6712  4  9 
126  8  0 3422  0  0  0  0  0  0  0 468 7487  0 259  0 719  4  0 20  0  0 5552  0 235  0 100 61275 117 31 54 63  0 270  6  0  2  9  2  0  0 2888 79  3 11  0  0  0  2  0 10  4  1  0 22347  0 19898  0  0  0 
 0 50119  0  3 20716  0  0  0 103  0  0  0 54938 45588 350  0  1  0  0  0  0 872  4 235  0 52  0  0 17876 48758 76  0 8500  0  0 139  0  2  0  6  0 17 4303 41590 29073 45  0 10555 1037 191  0 944  4 72152 1519  0 2495  0  9 24 
1809 4384  1  0  0 2589 6446  0 3363 11  0  0  1 696  2  0  0  0  0  0  0 2780 27905  0 52  0  0 18534 585  0 24  1 184 154  0 17  0  0 91 888  0  0  6  0  0 122 1147 2535 79370 1392  5 196  0  0 53 34044 141  0 61  1 
 0  0 46479  0 2343  9 131  8  4 452  0  0  0  0  0  0 12  0  1  0  0 688  0 100  0  0  0 760  0 66614 118  0  0  9 7110  0  0  0  0  0  2  0  0 599  2  0  6 67050  4  0 3489  0 3502  0 1896 62 15  0 4619 4171 
 0 441  0  0 39760 3606  0 4115 345  0  0  2  0  0  0 162  1 59  0  0  0 5876  0 61275  0 18534 760  0 49173  2  0  0  0 198  0 1148  8 12524  0 1082  0  0 66  0 3503 1316  0 70  0  0  0  0  9  0  0 31 18964  4  0 116 
 0  0  7  0 303  0  0  0  0 3677  0  0 555  0  0 26  0  3  0 11055 1023 8434 1574 117 17876 585  0 49173  0  0  0  0 1383 29399 56  1  0  0 292 65643  0  0  0 68  0  0 160  0  0  0  0  0  0  7 7208  0 14  0 988  0 
 0  1  0 144  6 1159  0 63732  0  0 79332  0  0 71  1 17 1360 25  0 53 28  0 18206 31 48758  0 66614  2  0  0 117  0  0 6605 3034  9 14367 981 1763 14974  0  2 43928  0 3079 259  0 25241 491  0  0 62483 132  0 11996  0 15  0 17720  2 
105  0 42589  0 93  0  0  0  0  0  0  0  2  0  0 31  3 488  0  0  0  0 7098 54 76 24 118  0  0 117  0 34 24 114 39  0  0  0  1  0 62979 11536 717  0  0  0 4382  0  0  1  0  0  0  0  0 31570  0 1841 22959  0 
 0 40558  0 17 3036  0 5667  0 620  1 3481 66709 156  0 409  0  0  0  9 231 21265 10934 201 63  0  1  0  0  0  0 34  0  8 69 62378 368 14 3998 2842 1350  1  0  6  0  0  0 15533  0  0  1 3546  0  0 31947  0  0  3  2  0  0 
132  0 1646  1  1 33846 2016 572  0  0  2 9802  0  0  0  0  0 128 18490 4597  0  0  0  0 8500 184  0  0 1383  0 24  8  0  0 2319  0  0  4  0  0  0  0 4525  3 269  0 211 23972 6208 30357 694  0  0 65717 21810  0  5  0  0  0 
 0 3134 570  0  0 5725  0  0  0  0 156 46789 46733 101  0  0 155  0 1010 28564 17120  6  0 270  0 154  9 198 29399 6605 114 69  0  0 21780 64204  0  0  0 72 10635  0  0  0 179 7835  0 35679  0  0  9  0  0  0  4 36265  0  0  0 54 
 0  9  0  0  0 438 65160  0 4995 70406  0  0  0  4  0  0 9342 8174 3847  0  1  0  0  6  0  0 7110  0 56 3034 39 62378 2319 21780  0  0 8061  0  0  0  0 915  0 4828  0  0  1  0  1 39 149 407 20 10221  0  0 5849 10187  0 65 
1481 134 77 5724  0  0  3  0 34  0  3 40965 13  0  0 5421 45563  0  0 316  9  0  0  0 139 17  0 1148  1  9  0 368  0 64204  0  0  0 2331  0  1  0 38184 1120 648 49319  0  5  0  0 413  0  0 63846  0  5  2 14186  0 140  0 
 0 8200  0  0  0  2  0 23 11376  8 463 25 16  0  0  0 30 31195  0 5265 1317 16  0  2  0  0  0  8  0 14367  0 14  0  0 8061  0  0  0 84538 26949 50188  0 2778  2  0  0 55 178 3183  0  0  0  0 99  0 72739  0 25681 20  0 
174  0 75 912  9  8  0  1  0 66 9084  2  0 53666  0 43865 85 109  0  0  0  0 916  9  2  0  0 12524  0 981  0 3998  4  0  0 2331  0  0 1135 56  0 254  0 195  0 528  0  3  0  0  0 2691  0  8 1147 272 60  0  6  0 
36302  0  0 78664  0 84956  6 3273  0  0 11 1306 61  0  1  0  0  0  5  0 4180  0 45898  2  0 91  0  0 292 1763  1 2842  0  0  0  0 84538 1135  0  0  5  9 17  1  1  1  0 8282  0  0  0  0  0  0  0 28015  0 9790 40553 2817 
6958  0  0 135  0  0 1107  0  0  0 969  0  0  0  0  1 92556 120  7 36957  0 86747 761  0  6 888  0 1082 65643 14974  0 1350  0 72  0  1 26949 56  0  0  1 37072  0 46  0 3102 10  7  0  1  2  1  0  0  0  4 27  0  0  2 
 0 919  0 245 54 748  0  0  0  0 685 2933  1  0 1758  0  0  4 65152  0  0  0  0  0  0  0  2  0  0  0 62979  1  0 10635  0  0 50188  0  5  1  0  0 30 340  0  0 119  1 182  0  1  0  7  0  0  0 4720  0  0 12924 
 0  0 1396 13532 1507 50907 3413 50  0 24795  0  0  0  0 1711  3 71  0  0 45662 26 53751 17674 2888 17  0  0  0  0  2 11536  0  0  0 915 38184  0 254  9 37072  0  0  0  0  0  0 930  0  0 2361  0  0 410 21392  0 122  0  0  0 13 
 0  0 11 18  0  0 43  0 764 56525 96  0 30  0 7224  0 61036  0  0  0  0 41707 7771 79 4303  6  0 66  0 43928 717  6 4525  0  0 1120 2778  0 17  0 30  0  0  0  0 44  0  0 7289 1618  4 5076 52  0  0  0  0  0 419 42 
23734 834  0 3623 56529  0  0  2 2938  0 10422  0 513  0 1104 590  0  0 11327 123  0  0 29740  3 41590  0 599  0 68  0  0  0  3  0 4828 648  2 195  1 46 340  0  0  0  0 1591 32  0  0  6  0  0 1652 75732  0  0  0 28426  0  7 
13927  1  0 29701 14  0 4062  0  0  4  0 55  0  0 12  0  0 88640  0 32  0  0  0 11 29073  0  2 3503  0 3079  0  0 269 179  0 49319  0  0  1  0  0  0  0  0  0 6435 85189  0 11460 1869 22  9 4737 43  8  0  3 210 39469 974 
 0 7303 1880 3152  0  0  0  0  0 2139  0 47377  0 17472  0 117  4  0  0  0  0  0 16  0 45 122  0 1316  0 259  0  0  0 7835  0  0  0 528  1 3102  0  0 44 1591 6435  0 1232  0 122 1072  4 27 10941 1183  0 577 88367  0 2763 30 
 0 44757  0  0 36  0  0 5672  0 70  0 37  0 235  0 97862 2117  0 534  0 93 10  0  0  0 1147  6  0 160  0 4382 15533 211  0  1  5 55  0  0 10 119 930  0 32 85189 1232  0  0  0  0  0  0  0 56819 27  1 62  0 2345  6 
 0 2036 838  0  0 47489  9 777 24 12016  0  0 172  0  1  0 11  1 53  1 418 110  0  0 10555 2535 67050 70  0 25241  0  0 23972 35679  0  0 178  3 8282  7  1  0  0  0  0  0  0  0 655 210  0 2485  0  0 238  0  0  2  0  0 
 0  0  0 437  0  2 206 12370  0 23722 55  0 47533  0 12 10941 24144 15 37  0  0 19  0  2 1037 79370  4  0  0 491  0  0 6208  0  1  0 3183  0  0  0 182  0 7289  0 11460 122  0 655  0 28219 11363 32  0 75  0  0 125 1461  5 339 
 0  0 6144  0  0  0  0  0 47 24847  0 4499  8 55915 115  0 43327  0  0  9  0  0  0  0 191 1392  0  0  0  0  1  1 30357  0 39 413  0  0  0  1  0 2361 1618  6 1869 1072  0 210 28219  0  0  0  0 46 20  0 653 372 14  0 
144  0 10 1976  0  0  3 43551  0 26  0  0 16548  0 44275  0 84  0 74246  0  0 44  0 10  0  5 3489  0  0  0  0 3546 694  9 149  0  0  0  0  2  1  0  4  0 22  4  0  0 11363  0  0 24647  0  0 13951  0  0  0  0  5 
159  0 10  0  0  9  0 8964  0  0 46  0  1 340  0  0 1827  4  0  0  0 221 3198  4 944 196  0  0  0 62483  0  0  0  0 407  0  0 2691  0  1  0  0 5076  0  9 27  0 2485 32  0 24647  0  8  0  0 11  0 11 555 174 
 7 339  0  0 9758  6  0  0 212  0  0 1382  0  0 1225 62482  2 960 68 2117  0  0  0  1  4  0 3502  9  0 132  0  0  0  0 20 63846  0  0  0  0  7 410 52 1652 4737 10941  0  0  0  0  0  8  0 30 3720  0 17 33  0  0 
67  0  0 35022 57413  0  0 893  0 50571  0  0  2  0  0  0 16 8872 4728 24338 15384  0 14839  0 72152  0  0  0  7  0  0 31947 65717  0 10221  0 99  8  0  0  0 21392  0 75732 43 1183 56819  0 75 46  0  0 30  0 2075  0  0 1203  0 32423 
 0  0  0 52  0 405  0  0 8938  0 5253 18344 98  0 15  2 1729  0  1  0  0  0  4 22347 1519 53 1896  0 7208 11996  0  0 21810  4  0  5  0 1147  0  0  0  0  0  0  8  0 27 238  0 20 13951  0 3720 2075  0 7054 12 394  7 74 
 0  0 70 43  0 2006  0  9  1 16  0 60 6469  0  0  6 3204  0  0  0 47  0  1  0  0 34044 62 31  0  0 31570  0  0 36265  0  2 72739 272 28015  4  0 122  0  0  0 577  1  0  0  0  0 11  0  0 7054  0 36910 9468  0  0 
111 582 95  0  5  0  5 4152  0  0  4 2373 28939 15  0 10  0  0  0  2 15 8326  0 19898 2495 141 15 18964 14 15  0  3  5  0 5849 14186  0 60  0 27 4720  0  0  0  3 88367 62  0 125 653  0  0 17  0 12 36910  0 181 1402  0 
17609 3757 251  0 90  0  2  0  1 17 222 952  0  0 755  1  0 14 27 313 538  0 6712  0  0  0  0  4  0  0 1841  2  0  0 10187  0 25681  0 9790  0  0  0  0 28426 210  0  0  2 1461 372  0 11 33 1203 394 9468 181  0  8 1739 
 0 30453 211  0  5  0  0  0  3  0  0  3  2  0 6137 2555  0  1 82  0 11147 815  4  0  9 61 4619  0 988 17720 22959  0  0  0  0 140 20  6 40553  0  0  0 419  0 39469 2763 2345  0  5 14  0 555  0  0  7  0 1402  8  0 9608 
 0  0 317 254 65928 44 786  0  0  2 37363 25254 95 448 45  0  0  0 295  0  4  0  9  0 24  1 4171 116  0  2  0  0  0 54 65  0  0  0 2817  2 12924 13 42  7 974 30  6  0 339  0  5 174  0 32423 74  0  0 1739 9608  0 